
adding list ['Eva_I', 'Rdays_III', 'Tmax_avg_IX', 'Tmin_II']
removing list []
new selected features ['Rdays_VII', 'Rdays_X', 'Srad_I', 'Srad_IX', 'Srad_X', 'Eva_I', 'Rdays_III', 'Tmax_avg_IX', 'Tmin_II']
-> 2.2341104608385662 1.3966550537368494
round 1
Adding Round:
The order of feature: 0 Eva_I
[array([0.5, 1. , 0.5, 0.5, 0. , 0.5]), array([0.5, 0.5, 0.5, 0. , 0. , 0.5])] [array([0., 0., 0., 1., 0., 0.]), array([0., 0., 1., 0., 0., 0.])] 2.2773654079421966 1.4412172571983906
The order of feature: 1 Eva_II
[array([1. , 0.5, 0.5, 0.5, 0. , 0.5]), array([0.5, 0. , 0.5, 0.5, 0.5, 0. ])] [array([0., 0., 0., 1., 0., 0.]), array([0., 0., 1., 0., 0., 0.])] 2.271750852482681 1.5048006728891137
The order of feature: 2 Eva_III
[array([0.5, 1. , 0.5, 0.5, 0. , 0.5])] [array([0., 0., 0., 1., 0., 0.])] 2.2749450081394245 1.6419164870222325
The order of feature: 3 Eva_IV
[array([0.5, 1. , 0.5, 0.5, 0. , 0.5])] [array([0., 0., 0., 1., 0., 0.])] 2.284415101279358 1.5647939554618144
The order of feature: 4 Eva_V
[array([0.5, 1. , 0.5, 0.5, 0. , 0.5]), array([0.5, 0.5, 1. , 0. , 0.5, 0.5])] [array([0., 0., 0., 1., 0., 0.]), array([1., 0., 0., 0., 0., 0.])] 2.2810313700221654 1.5352820911201537
The order of feature: 5 Eva_VI
[array([0.5, 0.5, 1. , 0.5, 0.5, 0. ]), array([0.5, 1. , 0.5, 0.5, 0. , 0.5]), array([0.5, 0. , 0.5, 0. , 0.5, 0.5])] [array([0., 0., 0., 1., 0., 0.]), array([0., 0., 0., 1., 0., 0.]), array([0., 1., 0., 0., 0., 0.])] 2.2232595806946818 1.4870140784076857
The order of feature: 6 Eva_VII
[] [] 2.3232365311533254 1.8370817398815646
The order of feature: 7 Eva_VIII
[array([0.5, 1. , 0.5, 0.5, 0. , 0.5]), array([0.5, 0.5, 1. , 0. , 0.5, 0.5])] [array([0., 0., 0., 1., 0., 0.]), array([1., 0., 0., 0., 0., 0.])] 2.27735740615322 1.5300162867083407
The order of feature: 8 Eva_IX
[array([0.5, 1. , 0.5, 0.5, 0. , 0.5])] [array([0., 0., 0., 1., 0., 0.])] 2.2944798818839485 1.5695497474205686
The order of feature: 9 Eva_X
[array([1. , 0.5, 0.5, 0.5, 0. , 0.5]), array([0.5, 0. , 1. , 0.5, 0.5, 0.5]), array([0.5, 1. , 0.5, 0.5, 0. , 0.5]), array([0.5, 0. , 0.5, 0. , 0.5, 0.5])] [array([0., 0., 0., 1., 0., 0.]), array([0., 0., 0., 0., 1., 0.]), array([0., 0., 0., 1., 0., 0.]), array([0., 1., 0., 0., 0., 0.])] 2.243365763764958 1.6171376051130482
The order of feature: 10 Eva_XI
[] [] 2.3486726188361082 1.803835136892929
The order of feature: 11 Eva_XII
[array([0.5, 1. , 0.5, 0.5, 0. , 0.5])] [array([0., 0., 0., 1., 0., 0.])] 2.306940868498787 1.6228898639935092
The order of feature: 12 Prcp_I
[] [] 2.344772489515592 1.7695190046677565
The order of feature: 13 Prcp_II
[array([0.5, 0. , 0.5, 0.5, 0.5, 0. ])] [array([0., 0., 1., 0., 0., 0.])] 2.302180668106748 1.7699278569887038
The order of feature: 14 Prcp_III
[array([1. , 0.5, 0.5, 0.5, 0. , 0.5]), array([0.5, 0. , 1. , 0.5, 0.5, 0.5]), array([0.5, 1. , 0.5, 0.5, 0. , 0.5]), array([0.5, 0. , 0.5, 0. , 0.5, 0.5]), array([0.5, 1. , 0.5, 0.5, 0.5, 1. ])] [array([0., 0., 0., 1., 0., 0.]), array([0., 0., 0., 0., 1., 0.]), array([0., 0., 0., 1., 0., 0.]), array([0., 1., 0., 0., 0., 0.]), array([0., 0., 0., 1., 0., 0.])] 2.226794528837988 1.5306619634381435
The order of feature: 15 Prcp_IV
[array([0.5, 1. , 0.5, 0.5, 0. , 0.5]), array([0.5, 0.5, 0.5, 0. , 0. , 0.5])] [array([0., 0., 0., 1., 0., 0.]), array([0., 0., 1., 0., 0., 0.])] 2.28483953500932 1.4892238051510522
The order of feature: 16 Prcp_V
[array([0.5, 1. , 0.5, 0.5, 0. , 0.5]), array([0.5, 0.5, 0.5, 0. , 0. , 0.5]), array([0.5, 0. , 1. , 0.5, 0.5, 0.5])] [array([0., 0., 0., 1., 0., 0.]), array([0., 0., 1., 0., 0., 0.]), array([0., 0., 0., 0., 1., 0.])] 2.257806677495648 1.4695723537860885
The order of feature: 17 Prcp_VI
[array([0.5, 1. , 0.5, 0.5, 0.5, 1. ])] [array([0., 1., 0., 0., 0., 0.])] 2.2641375769302825 1.5661640373349428
The order of feature: 18 Prcp_VII
[] [] 2.325560651104396 1.8790851171812737
The order of feature: 19 Prcp_VIII
[] [] 2.342716225201233 1.7795618639575836
The order of feature: 20 Prcp_IX
[] [] 2.342666758097815 1.9203500111478407
The order of feature: 21 Prcp_X
[array([1. , 0.5, 0.5, 0.5, 0. , 0.5]), array([0.5, 0. , 1. , 0.5, 0.5, 0.5]), array([0.5, 1. , 0.5, 0.5, 0. , 0.5]), array([0.5, 0. , 0.5, 0. , 0.5, 0.5])] [array([0., 0., 0., 1., 0., 0.]), array([0., 0., 0., 0., 1., 0.]), array([0., 0., 0., 1., 0., 0.]), array([0., 1., 0., 0., 0., 0.])] 2.242116682192548 1.5418246010226626
The order of feature: 22 Prcp_XI
[array([0.5, 1. , 0.5, 0.5, 0. , 0.5]), array([0.5, 0.5, 0.5, 0. , 0. , 0.5])] [array([0., 0., 0., 1., 0., 0.]), array([0., 0., 1., 0., 0., 0.])] 2.2875797810417047 1.505713411810287
The order of feature: 23 Prcp_XII
[array([0.5, 1. , 0.5, 0.5, 0. , 0.5]), array([0.5, 0.5, 0.5, 0. , 0. , 0.5])] [array([0., 0., 0., 1., 0., 0.]), array([0., 0., 1., 0., 0., 0.])] 2.285594613929009 1.4608029083793246
The order of feature: 24 Prcp_max_I
[] [] 2.3488674405464285 1.7668976526404745
The order of feature: 25 Prcp_max_II
[array([1. , 0.5, 0.5, 0.5, 0. , 0.5]), array([0.5, 0. , 1. , 0.5, 0.5, 0.5])] [array([0., 0., 0., 1., 0., 0.]), array([0., 0., 0., 0., 1., 0.])] 2.2730074670552862 1.7556333815197709
The order of feature: 26 Prcp_max_III
[array([1. , 0.5, 0.5, 0.5, 0. , 0.5]), array([0.5, 1. , 0.5, 0.5, 0. , 0.5]), array([0.5, 0. , 0.5, 0. , 0.5, 0.5]), array([0.5, 0. , 1. , 0.5, 0.5, 0.5])] [array([0., 0., 0., 1., 0., 0.]), array([0., 0., 0., 0., 1., 0.]), array([0., 1., 0., 0., 0., 0.]), array([0., 0., 0., 0., 1., 0.])] 2.2293391665953632 1.5749179036452776
The order of feature: 27 Prcp_max_IV
[array([0.5, 1. , 0.5, 0.5, 0. , 0.5]), array([0.5, 0.5, 0.5, 0. , 0. , 0.5])] [array([0., 0., 0., 1., 0., 0.]), array([0., 0., 1., 0., 0., 0.])] 2.264658387056175 1.4829359998136085
The order of feature: 28 Prcp_max_V
[] [] 2.302666940465048 1.9323106975910644
The order of feature: 29 Prcp_max_VI
[array([0.5, 1. , 0.5, 0.5, 0.5, 1. ]), array([1. , 0.5, 0.5, 0.5, 0. , 0.5]), array([0.5, 0. , 1. , 0.5, 0.5, 0.5])] [array([0., 1., 0., 0., 0., 0.]), array([0., 0., 0., 1., 0., 0.]), array([0., 0., 0., 0., 1., 0.])] 2.211343994550862 1.6025935971619318
The order of feature: 30 Prcp_max_VII
[] [] 2.321141928848178 1.8254826132967403
The order of feature: 31 Prcp_max_VIII
[] [] 2.3403604997834506 1.7559185357063825
The order of feature: 32 Prcp_max_IX
[] [] 2.3236938057050316 1.8745175105273073
The order of feature: 33 Prcp_max_X
[] [] 2.3440729298323144 1.7768839284290097
The order of feature: 34 Prcp_max_XI
[array([0.5, 1. , 0.5, 0.5, 0. , 0.5])] [array([0., 0., 0., 1., 0., 0.])] 2.308273162154842 1.7517242006701867
The order of feature: 35 Prcp_max_XII
[array([0.5, 1. , 0.5, 0.5, 0. , 0.5])] [array([0., 0., 0., 1., 0., 0.])] 2.302846485785962 1.620960046564335
The order of feature: 36 Rdays_I
[array([0.5, 1. , 0.5, 0.5, 0. , 0.5]), array([0.5, 0. , 0.5, 0. , 0.5, 0.5])] [array([0., 0., 0., 1., 0., 0.]), array([0., 1., 0., 0., 0., 0.])] 2.2669552148259178 1.6371409177451308
The order of feature: 37 Rdays_II
[] [] 2.3450984549389533 1.7563953274345252
The order of feature: 38 Rdays_III
[array([0.5, 1. , 0.5, 0.5, 0. , 0.5]), array([0.5, 0.5, 0.5, 0. , 0. , 0.5]), array([0.5, 0.5, 0.5, 1. , 0.5, 0. ])] [array([0., 0., 0., 1., 0., 0.]), array([0., 0., 1., 0., 0., 0.]), array([0., 0., 0., 0., 1., 0.])] 2.255416468666732 1.434107619717335
The order of feature: 39 Rdays_IV
[] [] 2.3446389026483607 1.772207602557602
The order of feature: 40 Rdays_V
[array([0.5, 1. , 0.5, 0.5, 0. , 0.5])] [array([0., 0., 0., 1., 0., 0.])] 2.3126279341264513 1.623890651482834
The order of feature: 41 Rdays_VI
[array([0.5, 1. , 0.5, 0.5, 0. , 0.5])] [array([0., 0., 0., 1., 0., 0.])] 2.309884131970129 1.557647838941638
The order of feature: 43 Rdays_VIII
[] [] 2.3316282316906793 1.8239238764169128
The order of feature: 44 Rdays_IX
[array([0.5, 1. , 0.5, 0.5, 0. , 0.5]), array([0.5, 0.5, 0.5, 0. , 0. , 0.5])] [array([0., 0., 0., 1., 0., 0.]), array([0., 0., 1., 0., 0., 0.])] 2.287551948029217 1.475135223382171
The order of feature: 46 Rdays_XI
[] [] 2.3493573732375306 1.7659430041998014
The order of feature: 47 Rdays_XII
[] [] 2.341428481453461 1.7944831642932464
The order of feature: 48 Tavg_I
[array([1. , 0.5, 0.5, 0.5, 0. , 0.5]), array([0.5, 0. , 1. , 0.5, 0.5, 0.5]), array([0.5, 1. , 0.5, 0.5, 0. , 0.5]), array([0.5, 0. , 0.5, 0. , 0.5, 0.5])] [array([0., 0., 0., 1., 0., 0.]), array([0., 0., 0., 0., 1., 0.]), array([0., 0., 0., 1., 0., 0.]), array([0., 1., 0., 0., 0., 0.])] 2.2426781579852846 1.6106345996548412
The order of feature: 49 Tavg_II
[array([1. , 0.5, 0.5, 0.5, 0. , 0.5]), array([0.5, 0. , 1. , 0.5, 0.5, 0.5]), array([0.5, 1. , 0.5, 0.5, 0. , 0.5]), array([0.5, 0. , 0.5, 0. , 0.5, 0.5])] [array([0., 0., 0., 1., 0., 0.]), array([0., 0., 0., 0., 1., 0.]), array([0., 0., 0., 1., 0., 0.]), array([0., 1., 0., 0., 0., 0.])] 2.240522672101814 1.6300766639852864
The order of feature: 50 Tavg_III
[array([0.5, 1. , 0.5, 0.5, 0. , 0.5]), array([0.5, 0.5, 0.5, 0. , 0. , 0.5])] [array([0., 0., 0., 1., 0., 0.]), array([0., 0., 1., 0., 0., 0.])] 2.26488563316428 1.5765629004683912
The order of feature: 51 Tavg_IV
[] [] 2.340649030299083 1.7117443816471172
The order of feature: 52 Tavg_V
[array([0.5, 1. , 0.5, 0.5, 0. , 0.5]), array([0.5, 0.5, 0. , 1. , 0.5, 0.5])] [array([0., 0., 0., 1., 0., 0.]), array([1., 0., 0., 0., 0., 0.])] 2.2794404763942495 1.5916818555972447
The order of feature: 53 Tavg_VI
[array([1. , 0.5, 0.5, 0.5, 0. , 0.5]), array([0.5, 0. , 1. , 0.5, 0.5, 0.5]), array([0.5, 1. , 0.5, 0.5, 0. , 0.5]), array([0.5, 0. , 0.5, 0. , 0.5, 0.5])] [array([0., 0., 0., 1., 0., 0.]), array([0., 0., 0., 0., 1., 0.]), array([0., 0., 0., 1., 0., 0.]), array([0., 1., 0., 0., 0., 0.])] 2.243758009890036 1.6029725360029097
The order of feature: 54 Tavg_VII
[array([0.5, 1. , 0.5, 0.5, 0. , 0.5]), array([0.5, 0.5, 0. , 1. , 0.5, 0.5])] [array([0., 0., 0., 1., 0., 0.]), array([1., 0., 0., 0., 0., 0.])] 2.283258816936528 1.5413560005295734
The order of feature: 55 Tavg_VIII
[] [] 2.3437769504116424 1.8310391949856186
The order of feature: 56 Tavg_IX
[array([1. , 0.5, 0.5, 0.5, 0. , 0.5]), array([0.5, 0. , 1. , 0.5, 0.5, 0.5]), array([0.5, 1. , 0.5, 0.5, 0. , 0.5]), array([0.5, 0. , 0.5, 0. , 0.5, 0.5]), array([0.5, 1. , 0.5, 0.5, 0.5, 1. ])] [array([0., 0., 0., 1., 0., 0.]), array([0., 0., 0., 0., 1., 0.]), array([0., 0., 0., 1., 0., 0.]), array([0., 1., 0., 0., 0., 0.]), array([0., 1., 0., 0., 0., 0.])] 2.221463524158856 1.5318076136134042
The order of feature: 57 Tavg_X
[array([0.5, 1. , 0.5, 0.5, 0. , 0.5])] [array([0., 0., 0., 1., 0., 0.])] 2.3053581345286704 1.656858643112111
The order of feature: 58 Tavg_XI
[array([0.5, 0. , 0.5, 0.5, 0.5, 0. ])] [array([0., 0., 0., 1., 0., 0.])] 2.2984705784117754 1.6186490197616747
The order of feature: 59 Tavg_XII
[array([0.5, 0. , 0.5, 0.5, 0.5, 0. ]), array([0.5, 0. , 1. , 0.5, 0.5, 0.5])] [array([0., 0., 0., 1., 0., 0.]), array([0., 0., 0., 0., 1., 0.])] 2.2502799684339667 1.687721556015574
The order of feature: 60 Tmax_avg_I
[array([0.5, 1. , 0.5, 0.5, 0. , 0.5])] [array([0., 0., 0., 1., 0., 0.])] 2.3093349765283713 1.6253636118299575
The order of feature: 61 Tmax_avg_II
[array([0.5, 1. , 0.5, 0.5, 0. , 0.5])] [array([0., 0., 0., 1., 0., 0.])] 2.302105373077215 1.7295723033615082
The order of feature: 62 Tmax_avg_III
[] [] 2.346842182375114 1.7442174190530204
The order of feature: 63 Tmax_avg_IV
[] [] 2.348228491321301 1.7909585837795399
The order of feature: 64 Tmax_avg_V
[array([0.5, 1. , 0.5, 0.5, 0. , 0.5])] [array([0., 0., 0., 1., 0., 0.])] 2.314941816520335 1.625993791672583
The order of feature: 65 Tmax_avg_VI
[array([0.5, 0. , 0.5, 0.5, 0.5, 1. ])] [array([0., 0., 1., 0., 0., 0.])] 2.311811629734437 1.6647081124100442
The order of feature: 66 Tmax_avg_VII
[array([0.5, 1. , 0.5, 0.5, 0. , 0.5]), array([0.5, 0.5, 0.5, 0. , 0. , 0.5])] [array([0., 0., 0., 1., 0., 0.]), array([0., 0., 1., 0., 0., 0.])] 2.2877886165145065 1.4805458445023012
The order of feature: 67 Tmax_avg_VIII
[] [] 2.3318464149168503 1.8870774722390913
The order of feature: 68 Tmax_avg_IX
[array([1. , 0.5, 0.5, 0.5, 0. , 0.5]), array([0.5, 0. , 1. , 0.5, 0.5, 0.5]), array([0.5, 1. , 0.5, 0.5, 0. , 0.5]), array([0.5, 0. , 0.5, 0. , 0.5, 0.5]), array([0.5, 0. , 0.5, 0.5, 0.5, 0. ])] [array([0., 0., 0., 1., 0., 0.]), array([0., 0., 0., 0., 1., 0.]), array([0., 0., 0., 1., 0., 0.]), array([0., 1., 0., 0., 0., 0.]), array([0., 0., 1., 0., 0., 0.])] 2.215904285520183 1.4228156908633107
The order of feature: 69 Tmax_avg_X
[] [] 2.342085415814513 1.7024954231611507
The order of feature: 70 Tmax_avg_XI
[array([0.5, 1. , 0.5, 0.5, 0. , 0.5]), array([0.5, 0.5, 0.5, 0. , 0. , 0.5])] [array([0., 0., 0., 1., 0., 0.]), array([0., 0., 1., 0., 0., 0.])] 2.2752990607020434 1.4726426718591041
The order of feature: 71 Tmax_avg_XII
[array([0.5, 0. , 0.5, 0.5, 0.5, 0. ])] [array([0., 0., 0., 0., 1., 0.])] 2.2488906509232485 1.7572034535077832
The order of feature: 72 Tmin_avg_I
[array([0.5, 0.5, 0.5, 0. , 0.5, 1. ]), array([0.5, 1. , 0.5, 0.5, 0. , 0.5])] [array([0., 1., 0., 0., 0., 0.]), array([0., 1., 0., 0., 0., 0.])] 2.2567646401412174 1.609017174950047
The order of feature: 73 Tmin_avg_II
[array([0.5, 1. , 0.5, 0.5, 0. , 0.5])] [array([0., 0., 0., 1., 0., 0.])] 2.289022113964226 1.7175886090538386
The order of feature: 74 Tmin_avg_III
[array([0.5, 0.5, 0.5, 0.5, 0.5, 1. ]), array([0.5, 1. , 0.5, 0.5, 0.5, 0. ])] [array([0., 1., 0., 0., 0., 0.]), array([0., 0., 0., 1., 0., 0.])] 2.254792081122473 1.6283044571221528
The order of feature: 75 Tmin_avg_IV
[] [] 2.33658673672705 1.7587671634929514
The order of feature: 76 Tmin_avg_V
[] [] 2.3383597504618527 1.7741917690973361
The order of feature: 77 Tmin_avg_VI
[array([0.5, 1. , 0.5, 0.5, 0. , 0.5])] [array([0., 0., 0., 1., 0., 0.])] 2.298969630328712 1.6312161214957586
The order of feature: 78 Tmin_avg_VII
[] [] 2.3400517305137805 1.7036673089920509
The order of feature: 79 Tmin_avg_VIII
[] [] 2.317617296130679 1.8271107066138832
The order of feature: 80 Tmin_avg_IX
[array([0.5, 1. , 0.5, 0.5, 0. , 0.5]), array([0.5, 0.5, 0.5, 0. , 0.5, 0. ]), array([0.5, 0. , 1. , 0.5, 0.5, 0.5])] [array([0., 0., 0., 1., 0., 0.]), array([0., 0., 1., 0., 0., 0.]), array([0., 0., 0., 0., 1., 0.])] 2.2514834916739237 1.5755551982258067
The order of feature: 81 Tmin_avg_X
[] [] 2.3473206667962683 1.7666221414908299
The order of feature: 82 Tmin_avg_XI
[array([0.5, 1. , 0.5, 0.5, 0. , 0.5]), array([0.5, 0.5, 0.5, 0. , 0.5, 0. ])] [array([0., 0., 0., 1., 0., 0.]), array([0., 0., 1., 0., 0., 0.])] 2.2818816482767468 1.5612360486335906
The order of feature: 83 Tmin_avg_XII
[array([0.5, 1. , 0.5, 0.5, 0. , 0.5])] [array([0., 0., 0., 1., 0., 0.])] 2.2950171460615354 1.5862703018503082
The order of feature: 84 Tmax_I
[] [] 2.3311473992787377 1.7581369614068303
The order of feature: 85 Tmax_II
[array([1. , 0.5, 0.5, 0.5, 0. , 0.5]), array([0.5, 0.5, 0.5, 0.5, 0.5, 1. ]), array([0.5, 1. , 0.5, 0.5, 0. , 0.5]), array([0.5, 0.5, 0.5, 0. , 0. , 0.5])] [array([0., 0., 0., 1., 0., 0.]), array([0., 0., 0., 1., 0., 0.]), array([0., 0., 0., 1., 0., 0.]), array([0., 0., 1., 0., 0., 0.])] 2.222993188076147 1.4866012891106577
The order of feature: 86 Tmax_III
[array([0.5, 1. , 0.5, 0.5, 0. , 0.5]), array([0.5, 0.5, 0.5, 0. , 0. , 0.5])] [array([0., 1., 0., 0., 0., 0.]), array([0., 0., 1., 0., 0., 0.])] 2.264019510373827 1.5668324200690538
The order of feature: 87 Tmax_IV
[] [] 2.3427915379404265 1.7101335107027407
The order of feature: 88 Tmax_V
[array([0.5, 1. , 0.5, 0.5, 0. , 0.5]), array([0.5, 0.5, 0. , 1. , 0.5, 0.5])] [array([0., 0., 0., 1., 0., 0.]), array([1., 0., 0., 0., 0., 0.])] 2.2832310117075867 1.5750483938371433
The order of feature: 89 Tmax_VI
[array([1. , 0.5, 0.5, 0.5, 0. , 0.5]), array([0.5, 0. , 1. , 0.5, 0.5, 0.5]), array([0.5, 1. , 0.5, 0.5, 0. , 0.5]), array([0.5, 0.5, 0.5, 1. , 0.5, 1. ])] [array([0., 0., 0., 1., 0., 0.]), array([0., 0., 0., 0., 1., 0.]), array([0., 0., 0., 1., 0., 0.]), array([0., 0., 0., 1., 0., 0.])] 2.243392156693542 1.6367307648434324
The order of feature: 90 Tmax_VII
[array([0.5, 1. , 0.5, 0.5, 0. , 0.5]), array([0.5, 0.5, 0.5, 0. , 0.5, 0. ])] [array([0., 0., 0., 1., 0., 0.]), array([0., 0., 1., 0., 0., 0.])] 2.2783888256530287 1.5272049817457924
The order of feature: 91 Tmax_VIII
[array([1. , 0.5, 0.5, 0.5, 0. , 0.5]), array([0.5, 1. , 0.5, 0.5, 0. , 0.5]), array([0.5, 0. , 0.5, 0. , 0.5, 0.5]), array([0.5, 0. , 1. , 0.5, 0.5, 0.5]), array([0.5, 0. , 1. , 0.5, 0.5, 0.5])] [array([0., 0., 0., 1., 0., 0.]), array([0., 0., 0., 1., 0., 0.]), array([0., 1., 0., 0., 0., 0.]), array([0., 0., 0., 0., 1., 0.]), array([1., 0., 0., 0., 0., 0.])] 2.222719487377551 1.6068102728085278
The order of feature: 92 Tmax_IX
[array([0.5, 1. , 0.5, 0.5, 0. , 0.5]), array([0.5, 0.5, 0.5, 0. , 0. , 0.5])] [array([0., 0., 0., 1., 0., 0.]), array([0., 0., 1., 0., 0., 0.])] 2.2756745872840334 1.4294761604707549
The order of feature: 93 Tmax_X
[array([0.5, 1. , 0.5, 0.5, 0. , 0.5]), array([0.5, 0. , 0.5, 0. , 0.5, 0.5])] [array([0., 0., 0., 1., 0., 0.]), array([0., 1., 0., 0., 0., 0.])] 2.2798752952386567 1.5244566746386916
The order of feature: 94 Tmax_XI
[array([0.5, 0. , 0.5, 0.5, 0.5, 0. ]), array([0.5, 0. , 0.5, 0.5, 0.5, 0. ]), array([1. , 0.5, 0.5, 0.5, 0. , 0.5])] [array([0., 0., 1., 0., 0., 0.]), array([0., 0., 0., 0., 1., 0.]), array([0., 0., 0., 1., 0., 0.])] 2.2118166289930463 1.5951448781265398
The order of feature: 95 Tmax_XII
[array([0.5, 1. , 0.5, 0.5, 0. , 0.5])] [array([0., 0., 0., 1., 0., 0.])] 2.293634492272617 1.5831345558053813
The order of feature: 96 Tmin_I
[] [] 2.333469732016623 1.7560342250445473
The order of feature: 97 Tmin_II
[array([1. , 0.5, 0.5, 0.5, 0. , 0.5]), array([0.5, 0. , 1. , 0.5, 0.5, 0.5]), array([0.5, 1. , 0.5, 0.5, 0. , 0.5]), array([0.5, 0.5, 0.5, 0. , 0. , 0.5])] [array([0., 0., 0., 1., 0., 0.]), array([0., 0., 0., 0., 1., 0.]), array([0., 0., 0., 1., 0., 0.]), array([0., 0., 1., 0., 0., 0.])] 2.2341104608385662 1.3966550537368494
The order of feature: 98 Tmin_III
[array([0.5, 1. , 0.5, 0.5, 0. , 0.5]), array([0.5, 0. , 0.5, 0. , 0.5, 0.5]), array([0. , 0.5, 0.5, 0.5, 0.5, 0. ]), array([0.5, 0. , 1. , 0.5, 0.5, 0.5]), array([0.5, 0. , 0.5, 0.5, 0.5, 0. ])] [array([0., 1., 0., 0., 0., 0.]), array([0., 1., 0., 0., 0., 0.]), array([1., 0., 0., 0., 0., 0.]), array([0., 0., 0., 0., 1., 0.]), array([0., 0., 1., 0., 0., 0.])] 2.1778513824674834 1.6885448299278314
The order of feature: 99 Tmin_IV
[array([1. , 0.5, 0.5, 0.5, 0. , 0.5])] [array([0., 0., 0., 1., 0., 0.])] 2.3153119131471125 1.7277965242237487
The order of feature: 100 Tmin_V
[array([0.5, 1. , 0.5, 0.5, 0. , 0.5]), array([0.5, 0.5, 0.5, 0. , 0. , 0.5])] [array([0., 0., 0., 1., 0., 0.]), array([0., 0., 1., 0., 0., 0.])] 2.288012536559506 1.4820731039439092
The order of feature: 101 Tmin_VI
[array([0.5, 1. , 0.5, 0.5, 0. , 0.5]), array([0.5, 0.5, 0.5, 0. , 0. , 0.5])] [array([0., 0., 0., 1., 0., 0.]), array([0., 0., 1., 0., 0., 0.])] 2.287456516019911 1.4922412718378897
The order of feature: 102 Tmin_VII
[array([1. , 0.5, 0.5, 0.5, 0. , 0.5]), array([0.5, 0. , 1. , 0.5, 0.5, 0.5]), array([0.5, 1. , 0.5, 0.5, 0. , 0.5]), array([0.5, 0. , 0.5, 0. , 0.5, 0.5])] [array([0., 0., 0., 1., 0., 0.]), array([0., 0., 0., 0., 1., 0.]), array([0., 0., 0., 0., 1., 0.]), array([0., 1., 0., 0., 0., 0.])] 2.239627393644255 1.6119408464672569
The order of feature: 103 Tmin_VIII
[array([0.5, 0. , 0.5, 0.5, 0.5, 1. ])] [array([0., 0., 1., 0., 0., 0.])] 2.3078081633765577 1.7927852137531166
The order of feature: 104 Tmin_IX
[] [] 2.326022995579789 1.659671875973934
The order of feature: 105 Tmin_X
[array([1. , 0.5, 0.5, 0.5, 0. , 0.5])] [array([0., 0., 0., 1., 0., 0.])] 2.2532649913141065 1.788927272769042
The order of feature: 106 Tmin_XI
[array([0.5, 1. , 0.5, 0.5, 0. , 0.5]), array([0.5, 0.5, 0.5, 0. , 0. , 0.5])] [array([0., 0., 0., 1., 0., 0.]), array([0., 0., 1., 0., 0., 0.])] 2.2880855262645565 1.4799562220820344
The order of feature: 107 Tmin_XII
[] [] 2.3486126640354024 1.7933150419455988
The order of feature: 108 Havg_I
[array([1. , 0.5, 0.5, 0.5, 0. , 0.5])] [array([0., 0., 0., 1., 0., 0.])] 2.3074893043019173 1.7579730511313325
The order of feature: 109 Havg_II
[array([1. , 0.5, 0.5, 0.5, 0. , 0.5]), array([0.5, 0. , 1. , 0.5, 0.5, 0.5]), array([0.5, 1. , 0.5, 0.5, 0. , 0.5]), array([0.5, 0. , 0.5, 0. , 0.5, 0.5])] [array([0., 0., 0., 1., 0., 0.]), array([0., 0., 0., 0., 1., 0.]), array([0., 0., 0., 1., 0., 0.]), array([0., 1., 0., 0., 0., 0.])] 2.239578939152971 1.6392965080839008
The order of feature: 110 Havg_III
[] [] 2.3464903455896344 1.797821909797788
The order of feature: 111 Havg_IV
[array([1. , 0.5, 0.5, 0.5, 0. , 0.5]), array([0.5, 0. , 1. , 0.5, 0.5, 0.5]), array([0.5, 1. , 0.5, 0.5, 0. , 0.5]), array([0.5, 0. , 0.5, 0. , 0.5, 0.5]), array([0.5, 0. , 0.5, 0.5, 0.5, 1. ])] [array([0., 0., 0., 1., 0., 0.]), array([0., 0., 0., 0., 1., 0.]), array([0., 0., 0., 1., 0., 0.]), array([0., 1., 0., 0., 0., 0.]), array([1., 0., 0., 0., 0., 0.])] 2.224456964774457 1.56643066178612
The order of feature: 112 Havg_V
[array([1. , 0.5, 0.5, 0.5, 0. , 0.5]), array([0.5, 1. , 0.5, 0.5, 0. , 0.5]), array([0.5, 0. , 0.5, 0. , 0.5, 0.5]), array([0.5, 0. , 1. , 0.5, 0.5, 0.5]), array([0.5, 0. , 1. , 0.5, 0.5, 0.5])] [array([0., 0., 0., 1., 0., 0.]), array([0., 0., 0., 1., 0., 0.]), array([0., 1., 0., 0., 0., 0.]), array([0., 0., 0., 0., 1., 0.]), array([1., 0., 0., 0., 0., 0.])] 2.22116016437632 1.5766188242121182
The order of feature: 113 Havg_VI
[array([1. , 0.5, 0.5, 0.5, 0. , 0.5]), array([0.5, 0. , 1. , 0.5, 0.5, 0.5]), array([0.5, 1. , 0.5, 0.5, 0. , 0.5]), array([0.5, 0. , 0.5, 0. , 0.5, 0.5]), array([0.5, 0.5, 0.5, 0.5, 0. , 1. ]), array([0.5, 0. , 0.5, 0.5, 0.5, 1. ])] [array([0., 0., 0., 1., 0., 0.]), array([0., 0., 0., 0., 1., 0.]), array([0., 0., 0., 1., 0., 0.]), array([0., 1., 0., 0., 0., 0.]), array([0., 0., 0., 0., 1., 0.]), array([0., 0., 0., 0., 1., 0.])] 2.1768669653360058 1.4115492811427848
The order of feature: 114 Havg_VII
[array([1. , 0.5, 0.5, 0.5, 0. , 0.5]), array([0.5, 0. , 1. , 0.5, 0.5, 0.5]), array([0.5, 0. , 0.5, 0.5, 0.5, 1. ]), array([0.5, 0. , 0.5, 0. , 0.5, 0.5]), array([0.5, 1. , 0.5, 0.5, 0. , 0.5]), array([0.5, 0. , 0.5, 0.5, 0.5, 1. ])] [array([0., 0., 0., 1., 0., 0.]), array([0., 0., 0., 0., 1., 0.]), array([1., 0., 0., 0., 0., 0.]), array([0., 0., 0., 1., 0., 0.]), array([0., 0., 0., 1., 0., 0.]), array([0., 0., 1., 0., 0., 0.])] 2.17043763937051 1.4895909888723908
The order of feature: 115 Havg_VIII
[array([1. , 0.5, 0.5, 0.5, 0. , 0.5])] [array([0., 0., 0., 1., 0., 0.])] 2.3119919360877708 1.7636773151656913
The order of feature: 116 Havg_IX
[] [] 2.3359743441215115 2.2936129151581373
The order of feature: 117 Havg_X
[array([0.5, 1. , 0.5, 0.5, 0. , 0.5])] [array([0., 0., 0., 1., 0., 0.])] 2.316809438143984 1.6192878241620223
The order of feature: 118 Havg_XI
[array([1. , 0.5, 0.5, 0.5, 0. , 0.5]), array([0.5, 0. , 1. , 0.5, 0.5, 0.5]), array([0.5, 1. , 0.5, 0.5, 0. , 0.5]), array([0.5, 0. , 0.5, 0. , 0.5, 0.5])] [array([0., 0., 0., 1., 0., 0.]), array([0., 0., 0., 0., 1., 0.]), array([0., 0., 0., 1., 0., 0.]), array([0., 1., 0., 0., 0., 0.])] 2.243979258368338 1.5888813375690818
The order of feature: 119 Havg_XII
[] [] 2.3480670613564696 1.7682605838407424
The order of feature: 120 Hmin_I
[array([1. , 0.5, 0.5, 0.5, 0. , 0.5])] [array([0., 0., 0., 1., 0., 0.])] 2.314649236013252 1.772211985750192
The order of feature: 121 Hmin_II
[] [] 2.3469984216828266 1.8010559969184416
The order of feature: 122 Hmin_III
[array([1. , 0.5, 0.5, 0.5, 0. , 0.5]), array([0.5, 0. , 1. , 0.5, 0.5, 0.5]), array([0.5, 1. , 0.5, 0.5, 0. , 0.5]), array([0.5, 0. , 0.5, 0. , 0.5, 0.5])] [array([0., 0., 0., 1., 0., 0.]), array([0., 0., 0., 0., 1., 0.]), array([0., 0., 0., 1., 0., 0.]), array([0., 1., 0., 0., 0., 0.])] 2.24368311102268 1.5899113963065492
The order of feature: 123 Hmin_IV
[array([0.5, 1. , 0.5, 0.5, 0. , 0.5]), array([0.5, 0.5, 0.5, 0. , 0. , 0.5])] [array([0., 0., 0., 1., 0., 0.]), array([0., 0., 1., 0., 0., 0.])] 2.288123329758067 1.4740088427584872
The order of feature: 124 Hmin_V
[array([1. , 0.5, 0.5, 0.5, 0. , 0.5]), array([0.5, 0.5, 0.5, 0.5, 0.5, 1. ]), array([0.5, 1. , 0.5, 0.5, 0. , 0.5]), array([0.5, 0. , 0.5, 0. , 0.5, 0.5]), array([0.5, 0. , 1. , 0.5, 0.5, 0.5]), array([0.5, 0. , 1. , 0.5, 0.5, 0.5])] [array([0., 0., 0., 1., 0., 0.]), array([0., 0., 0., 0., 1., 0.]), array([0., 0., 0., 1., 0., 0.]), array([0., 1., 0., 0., 0., 0.]), array([0., 0., 0., 0., 1., 0.]), array([1., 0., 0., 0., 0., 0.])] 2.2143932432029305 1.6033452275171154
The order of feature: 125 Hmin_VI
[] [] 2.343298408363802 1.7828420256960502
The order of feature: 126 Hmin_VII
[array([0.5, 1. , 0.5, 0.5, 0. , 0.5]), array([0.5, 0. , 0.5, 0. , 0.5, 0.5])] [array([0., 0., 0., 1., 0., 0.]), array([0., 1., 0., 0., 0., 0.])] 2.2823332176114595 1.5431140840062982
The order of feature: 127 Hmin_VIII
[array([0.5, 1. , 0.5, 0.5, 0. , 0.5]), array([0.5, 0.5, 0.5, 0. , 0. , 0.5])] [array([0., 0., 0., 1., 0., 0.]), array([0., 0., 1., 0., 0., 0.])] 2.288099161241133 1.4723733245351092
The order of feature: 128 Hmin_IX
[array([0.5, 1. , 0.5, 0.5, 0. , 0.5]), array([0.5, 0.5, 0.5, 0. , 0. , 0.5])] [array([0., 0., 0., 1., 0., 0.]), array([0., 0., 1., 0., 0., 0.])] 2.282597087676812 1.4764230836892553
The order of feature: 129 Hmin_X
[array([0.5, 0. , 0.5, 0.5, 0.5, 1. ]), array([0.5, 0. , 0.5, 0. , 0.5, 0.5]), array([0.5, 0. , 1. , 0.5, 0.5, 0.5]), array([1. , 0.5, 0.5, 0.5, 0. , 0.5]), array([0.5, 0.5, 0.5, 0. , 0.5, 0. ])] [array([0., 0., 1., 0., 0., 0.]), array([0., 1., 0., 0., 0., 0.]), array([0., 0., 0., 0., 1., 0.]), array([0., 0., 0., 1., 0., 0.]), array([0., 0., 1., 0., 0., 0.])] 2.208254222875103 1.6440245148467352
The order of feature: 130 Hmin_XI
[array([0.5, 1. , 0.5, 0.5, 0. , 0.5]), array([0.5, 0. , 1. , 0.5, 0.5, 0.5])] [array([0., 0., 0., 1., 0., 0.]), array([0., 0., 0., 0., 1., 0.])] 2.27853257798623 1.6596756049812404
The order of feature: 131 Hmin_XII
[array([1. , 0.5, 0.5, 0.5, 0. , 0.5]), array([0.5, 0. , 1. , 0.5, 0.5, 0.5]), array([0.5, 1. , 0.5, 0.5, 0. , 0.5]), array([0.5, 0. , 0.5, 0. , 0.5, 0.5])] [array([0., 0., 0., 1., 0., 0.]), array([0., 0., 0., 0., 1., 0.]), array([0., 0., 0., 1., 0., 0.]), array([0., 1., 0., 0., 0., 0.])] 2.2376447692060233 1.5959088593117852
The order of feature: 133 Srad_II
[array([0.5, 1. , 0.5, 0.5, 0. , 0.5]), array([0.5, 0.5, 0.5, 0. , 0. , 0.5])] [array([0., 0., 0., 1., 0., 0.]), array([0., 0., 1., 0., 0., 0.])] 2.287406059435794 1.489335702821874
The order of feature: 134 Srad_III
[array([0.5, 0. , 0.5, 0.5, 0.5, 1. ]), array([0.5, 0. , 0.5, 0. , 0.5, 0.5])] [array([0., 0., 1., 0., 0., 0.]), array([0., 0., 0., 1., 0., 0.])] 2.2613501313692677 1.7157611500740384
The order of feature: 135 Srad_IV
[array([0.5, 0. , 0.5, 0.5, 0.5, 1. ]), array([0.5, 0. , 0.5, 0. , 0.5, 0.5])] [array([0., 0., 1., 0., 0., 0.]), array([0., 1., 0., 0., 0., 0.])] 2.2365397556145346 1.5656089301346447
The order of feature: 136 Srad_V
[array([1. , 0.5, 0.5, 0.5, 0. , 0.5]), array([0.5, 0. , 1. , 0.5, 0.5, 0.5]), array([0.5, 1. , 0.5, 0.5, 0. , 0.5])] [array([0., 0., 0., 1., 0., 0.]), array([0., 0., 0., 0., 1., 0.]), array([0., 0., 0., 0., 1., 0.])] 2.2680402875400953 1.6419159227741382
The order of feature: 137 Srad_VI
[] [] 2.3398771537737377 1.7522670128639215
The order of feature: 138 Srad_VII
[array([0. , 0.5, 0.5, 0.5, 0.5, 0. ])] [array([0., 0., 0., 1., 0., 0.])] 2.2965173111375288 1.7000590228581247
The order of feature: 139 Srad_VIII
[array([0.5, 1. , 0.5, 0.5, 0. , 0.5])] [array([0., 0., 0., 1., 0., 0.])] 2.3166591605084217 1.629159873231843
The order of feature: 142 Srad_XI
[array([0.5, 1. , 0.5, 0.5, 0. , 0.5]), array([0.5, 0. , 0.5, 0. , 0.5, 0.5])] [array([0., 1., 0., 0., 0., 0.]), array([0., 1., 0., 0., 0., 0.])] 2.246937845991705 1.5473455640971185
The order of feature: 143 Srad_XII
[] [] 2.3413440214738435 1.8553201742365637
Removing Round:
The order of feature: 0 Rdays_VII
[array([0. , 0.5, 0.5, 0.5, 0.5, 0.5, 0.5, 0.5]), array([0.5, 1. , 0. , 0.5, 0.5, 0.5, 0.5, 0.5])] [array([0., 0., 0., 1., 0., 0.]), array([0., 1., 0., 0., 0., 0.])] 2.2870738313496215 1.3974324365016402
The order of feature: 1 Rdays_X
[] [] 2.4324609681221236 2.314179055483381
The order of feature: 2 Srad_I
[] [] 2.334990862005247 1.7152908651074144
The order of feature: 3 Srad_IX
[array([0.5, 0. , 0.5, 0.5, 0.5, 0.5, 0. , 0.5]), array([0.5, 0.5, 0.5, 0.5, 0.5, 0.5, 0. , 0. ]), array([0.5, 0. , 0.5, 0. , 0.5, 0.5, 0.5, 0.5])] [array([0., 0., 1., 0., 0., 0.]), array([0., 0., 1., 0., 0., 0.]), array([0., 0., 0., 1., 0., 0.])] 2.281057236109616 1.7582724333203392
The order of feature: 4 Srad_X
[] [] 2.3351191207563855 1.5595496618905005
