round 5
Adding Round:
The order of feature: 1 Eva_II
[array([0.5, 1. , 0.5, 0.5, 0. , 0.5, 0.5, 0.5, 0.5, 0.5, 0.5, 0.5])] [array([0., 1., 0., 0., 0., 0.])] 2.255410847193418 1.4860752143534761
The order of feature: 2 Eva_III
[array([0.5, 0. , 0.5, 0.5, 0.5, 0.5, 0.5, 0.5, 0.5, 0.5, 0.5, 0. ])] [array([0., 0., 1., 0., 0., 0.])] 2.2480820708275604 1.549316926627643
The order of feature: 4 Eva_V
[array([0.5, 0.5, 0.5, 0.5, 0.5, 0.5, 0.5, 0.5, 0. , 0.5, 0.5, 0. ]), array([0.5, 0. , 0.5, 0.5, 0.5, 0.5, 0.5, 0.5, 0. , 0.5, 0.5, 0.5]), array([0.5, 0.5, 0.5, 0.5, 0. , 0.5, 0.5, 0.5, 0.5, 1. , 0.5, 0.5]), array([0.5, 0.5, 0.5, 0.5, 0.5, 0.5, 0.5, 0.5, 1. , 0.5, 0.5, 0. ]), array([0.5, 0.5, 0.5, 0.5, 0.5, 0.5, 0. , 0.5, 0.5, 0.5, 0.5, 0. ])] [array([0., 0., 0., 1., 0., 0.]), array([0., 0., 1., 0., 0., 0.]), array([0., 1., 0., 0., 0., 0.]), array([0., 0., 0., 1., 0., 0.]), array([0., 0., 1., 0., 0., 0.])] 2.137452708660136 1.434266525275999
The order of feature: 5 Eva_VI
[] [] 2.284660068285836 1.5879128048850726
The order of feature: 6 Eva_VII
[array([0.5, 0. , 0.5, 0.5, 0.5, 0.5, 0.5, 0.5, 0.5, 0.5, 0.5, 0. ]), array([0.5, 0.5, 0.5, 0.5, 0.5, 0.5, 0.5, 0. , 0.5, 0. , 0.5, 0.5]), array([0.5, 0.5, 0.5, 0.5, 1. , 0.5, 0.5, 1. , 0.5, 0.5, 0.5, 0.5])] [array([0., 0., 1., 0., 0., 0.]), array([0., 0., 0., 0., 1., 0.]), array([0., 0., 0., 1., 0., 0.])] 2.17790778842213 1.5068328546344294
The order of feature: 7 Eva_VIII
[array([0.5, 0.5, 0.5, 0.5, 0.5, 0.5, 0.5, 0. , 0.5, 0.5, 0.5, 0. ]), array([0.5, 0. , 0.5, 0.5, 0.5, 0.5, 0.5, 0. , 0.5, 0.5, 0.5, 0.5]), array([0.5, 0. , 0.5, 0. , 0.5, 0.5, 0.5, 0.5, 0.5, 0.5, 0.5, 0.5])] [array([0., 0., 0., 0., 1., 0.]), array([0., 0., 1., 0., 0., 0.]), array([0., 0., 0., 1., 0., 0.])] 2.187546442786696 1.3867195233771443
The order of feature: 8 Eva_IX
[array([0.5, 0.5, 0.5, 0.5, 0.5, 0.5, 0.5, 0. , 0.5, 0. , 0.5, 0.5]), array([0.5, 0. , 0.5, 0.5, 0.5, 0.5, 0.5, 0. , 0.5, 0.5, 0.5, 0.5]), array([0.5, 0. , 0.5, 0. , 0.5, 0.5, 0.5, 0.5, 0.5, 0.5, 0.5, 0.5]), array([0.5, 0.5, 0.5, 0.5, 0. , 0.5, 0.5, 0.5, 0.5, 1. , 0.5, 0.5])] [array([0., 0., 0., 0., 1., 0.]), array([0., 0., 1., 0., 0., 0.]), array([0., 0., 0., 1., 0., 0.]), array([1., 0., 0., 0., 0., 0.])] 2.1620403001234236 1.2809344957387758
The order of feature: 9 Eva_X
[array([0.5, 0.5, 0.5, 0.5, 0.5, 0.5, 0.5, 0. , 0.5, 0. , 0.5, 0.5]), array([0.5, 0. , 0.5, 0.5, 0.5, 0.5, 0.5, 0. , 0.5, 0.5, 0.5, 0.5]), array([0.5, 0. , 0.5, 0. , 0.5, 0.5, 0.5, 0.5, 0.5, 0.5, 0.5, 0.5]), array([0.5, 0.5, 0.5, 0.5, 0. , 0.5, 0.5, 0.5, 0.5, 1. , 0.5, 0.5]), array([0.5, 0.5, 0.5, 0.5, 0.5, 0.5, 0.5, 0.5, 1. , 0. , 0.5, 0.5]), array([0. , 0.5, 0.5, 0.5, 0.5, 0.5, 0.5, 0.5, 0.5, 1. , 0.5, 0.5]), array([0.5, 1. , 0.5, 0.5, 0.5, 0.5, 0. , 0.5, 0.5, 0.5, 0.5, 0.5])] [array([0., 0., 0., 0., 1., 0.]), array([0., 0., 1., 0., 0., 0.]), array([0., 0., 0., 1., 0., 0.]), array([1., 0., 0., 0., 0., 0.]), array([0., 0., 0., 0., 1., 0.]), array([0., 0., 0., 0., 1., 0.]), array([0., 1., 0., 0., 0., 0.])] 2.093802523073824 1.2354691684192194
The order of feature: 10 Eva_XI
[] [] 2.2874989407272674 1.609323621711855
The order of feature: 11 Eva_XII
[] [] 2.2851153414663994 1.6043758695610304
The order of feature: 12 Prcp_I
[] [] 2.2843121608834287 1.6290491980905175
The order of feature: 13 Prcp_II
[array([0.5, 1. , 0.5, 0.5, 0. , 0.5, 0.5, 0.5, 0.5, 0.5, 0.5, 0.5])] [array([0., 0., 0., 1., 0., 0.])] 2.2346483070581864 1.5313029211940998
The order of feature: 14 Prcp_III
[] [] 2.2874968346456 1.6208218861924557
The order of feature: 15 Prcp_IV
[array([0.5, 0.5, 0.5, 0.5, 0.5, 0.5, 0.5, 0.5, 0.5, 1. , 0.5, 0. ])] [array([0., 0., 0., 1., 0., 0.])] 2.2499226823585547 1.538322541141793
The order of feature: 16 Prcp_V
[array([0.5, 0.5, 0.5, 0.5, 0.5, 0.5, 0.5, 0. , 0.5, 0. , 0.5, 0.5]), array([0.5, 0. , 0.5, 0.5, 0.5, 0.5, 0.5, 0. , 0.5, 0.5, 0.5, 0.5]), array([0.5, 0. , 0.5, 0. , 0.5, 0.5, 0.5, 0.5, 0.5, 0.5, 0.5, 0.5]), array([0.5, 0.5, 0.5, 0.5, 0. , 0.5, 0.5, 0.5, 0.5, 1. , 0.5, 0.5]), array([0. , 0.5, 0.5, 0.5, 0.5, 0.5, 0.5, 0.5, 0.5, 1. , 0.5, 0.5])] [array([0., 0., 0., 0., 1., 0.]), array([0., 0., 1., 0., 0., 0.]), array([0., 0., 0., 1., 0., 0.]), array([0., 1., 0., 0., 0., 0.]), array([0., 0., 0., 0., 1., 0.])] 2.138170917372119 1.2814107343553378
The order of feature: 17 Prcp_VI
[array([0.5, 1. , 0.5, 0.5, 0.5, 0.5, 0.5, 0.5, 0.5, 0.5, 0.5, 1. ])] [array([0., 1., 0., 0., 0., 0.])] 2.2112327803470824 1.3830294209585647
The order of feature: 18 Prcp_VII
[array([0.5, 0.5, 0.5, 0.5, 0.5, 0.5, 0.5, 0. , 0.5, 0. , 0.5, 0.5])] [array([0., 0., 0., 0., 1., 0.])] 2.2132859536034557 1.62275772584694
The order of feature: 19 Prcp_VIII
[] [] 2.2833474293605396 1.62182903067169
The order of feature: 20 Prcp_IX
[] [] 2.2808199233900495 1.7264234538354106
The order of feature: 21 Prcp_X
[array([0.5, 0.5, 0.5, 0.5, 0.5, 0.5, 0.5, 0. , 0.5, 0. , 0.5, 0.5]), array([0.5, 0. , 0.5, 0.5, 0.5, 0.5, 0.5, 0. , 0.5, 0.5, 0.5, 0.5]), array([0.5, 0. , 0.5, 0. , 0.5, 0.5, 0.5, 0.5, 0.5, 0.5, 0.5, 0.5]), array([0.5, 0.5, 0.5, 0.5, 0. , 0.5, 0.5, 0.5, 0.5, 1. , 0.5, 0.5]), array([0.5, 0.5, 0.5, 0.5, 0.5, 0.5, 0.5, 0.5, 1. , 0. , 0.5, 0.5]), array([0. , 0.5, 0.5, 0.5, 0.5, 0.5, 0.5, 0.5, 0.5, 1. , 0.5, 0.5]), array([0.5, 1. , 0.5, 0.5, 0.5, 0.5, 0. , 0.5, 0.5, 0.5, 0.5, 0.5])] [array([0., 0., 0., 0., 1., 0.]), array([0., 0., 1., 0., 0., 0.]), array([0., 0., 0., 1., 0., 0.]), array([1., 0., 0., 0., 0., 0.]), array([0., 0., 0., 0., 1., 0.]), array([0., 0., 0., 0., 1., 0.]), array([0., 1., 0., 0., 0., 0.])] 2.093475160828057 1.1998343396018507
The order of feature: 22 Prcp_XI
[] [] 2.2869407360690572 1.6024869927481618
The order of feature: 23 Prcp_XII
[array([0.5, 0.5, 0.5, 0.5, 0.5, 0.5, 0.5, 0. , 0.5, 0. , 0.5, 0.5]), array([0.5, 0. , 0.5, 0.5, 0.5, 0.5, 0.5, 0. , 0.5, 0.5, 0.5, 0.5])] [array([0., 0., 0., 0., 1., 0.]), array([0., 0., 1., 0., 0., 0.])] 2.218443208041038 1.4107717238461237
The order of feature: 24 Prcp_max_I
[] [] 2.28727653846177 1.6136412509625024
The order of feature: 25 Prcp_max_II
[array([0.5, 0.5, 0.5, 0.5, 0.5, 0.5, 0.5, 0. , 0.5, 0. , 0.5, 0.5]), array([0.5, 0. , 0.5, 0.5, 0.5, 0.5, 0.5, 0. , 0.5, 0.5, 0.5, 0.5]), array([0.5, 0. , 0.5, 0. , 0.5, 0.5, 0.5, 0.5, 0.5, 0.5, 0.5, 0.5]), array([0.5, 0.5, 0.5, 0.5, 0. , 0.5, 0.5, 0.5, 0.5, 1. , 0.5, 0.5]), array([0. , 0.5, 0.5, 0.5, 0.5, 0.5, 0.5, 0.5, 0.5, 1. , 0.5, 0.5]), array([0.5, 0.5, 0.5, 0.5, 0.5, 0.5, 0.5, 0.5, 1. , 0. , 0.5, 0.5]), array([0.5, 0.5, 0.5, 0.5, 0.5, 0.5, 0.5, 0.5, 0.5, 0.5, 0.5, 1. ])] [array([0., 0., 0., 0., 1., 0.]), array([0., 0., 1., 0., 0., 0.]), array([0., 0., 0., 1., 0., 0.]), array([1., 0., 0., 0., 0., 0.]), array([0., 0., 0., 0., 1., 0.]), array([0., 0., 0., 0., 1., 0.]), array([0., 0., 0., 0., 1., 0.])] 2.0623729887655413 1.2450622315949078
The order of feature: 26 Prcp_max_III
[] [] 2.27056784766928 1.5565235951288514
The order of feature: 27 Prcp_max_IV
[array([0.5, 1. , 0.5, 0.5, 0. , 0.5, 0.5, 0.5, 0.5, 0.5, 0.5, 0.5]), array([0.5, 0.5, 0.5, 0.5, 0.5, 0.5, 0.5, 0. , 0.5, 0. , 0.5, 0.5])] [array([0., 0., 0., 1., 0., 0.]), array([0., 0., 0., 0., 1., 0.])] 2.2006108365237673 1.3985388837688493
The order of feature: 28 Prcp_max_V
[] [] 2.2316597844458665 1.747903627623779
The order of feature: 29 Prcp_max_VI
[array([0.5, 1. , 0.5, 0.5, 0.5, 0.5, 0.5, 0.5, 0.5, 0.5, 0.5, 1. ]), array([1. , 0.5, 0.5, 0.5, 0. , 0.5, 0.5, 0.5, 0.5, 0.5, 0.5, 0.5])] [array([0., 1., 0., 0., 0., 0.]), array([0., 0., 0., 1., 0., 0.])] 2.180086033093845 1.4304002997904304
The order of feature: 30 Prcp_max_VII
[] [] 2.2523809511183965 1.686041188494932
The order of feature: 31 Prcp_max_VIII
[] [] 2.2816049962272085 1.5913135000604905
The order of feature: 32 Prcp_max_IX
[] [] 2.2664699238297654 1.6836674473492048
The order of feature: 33 Prcp_max_X
[] [] 2.282705947944183 1.6054361595223507
The order of feature: 34 Prcp_max_XI
[] [] 2.284699637838953 1.7011632396706318
The order of feature: 36 Rdays_I
[] [] 2.2660592640485024 1.746441832349495
The order of feature: 37 Rdays_II
[array([0.5, 0.5, 0.5, 0.5, 0.5, 0.5, 0.5, 0.5, 0.5, 0.5, 0. , 0. ])] [array([0., 0., 1., 0., 0., 0.])] 2.231956631951911 1.6062183624478372
The order of feature: 39 Rdays_IV
[] [] 2.287535488513941 1.6109053289961082
The order of feature: 40 Rdays_V
[] [] 2.287487816826881 1.6013369772849941
The order of feature: 41 Rdays_VI
[array([0.5, 1. , 0.5, 0.5, 0. , 0.5, 0.5, 0.5, 0.5, 0.5, 0.5, 0.5])] [array([0., 0., 0., 1., 0., 0.])] 2.25155777220128 1.4526168527587255
The order of feature: 43 Rdays_VIII
[] [] 2.277627787476933 1.6836704297242633
The order of feature: 44 Rdays_IX
[array([0.5, 0.5, 0.5, 0.5, 0.5, 0.5, 0.5, 0. , 0.5, 0. , 0.5, 0.5]), array([0.5, 0. , 0.5, 0.5, 0.5, 0.5, 0.5, 0. , 0.5, 0.5, 0.5, 0.5]), array([0.5, 0. , 0.5, 0. , 0.5, 0.5, 0.5, 0.5, 0.5, 0.5, 0.5, 0.5]), array([0.5, 0.5, 0.5, 0.5, 0. , 0.5, 0.5, 0.5, 0.5, 1. , 0.5, 0.5])] [array([0., 0., 0., 0., 1., 0.]), array([0., 0., 1., 0., 0., 0.]), array([0., 0., 0., 1., 0., 0.]), array([1., 0., 0., 0., 0., 0.])] 2.1616091749228175 1.2937831421176111
The order of feature: 46 Rdays_XI
[] [] 2.287712726115226 1.5999185391744752
The order of feature: 47 Rdays_XII
[] [] 2.2834676487850754 1.6582123979715935
The order of feature: 48 Tavg_I
[array([0.5, 0.5, 1. , 0.5, 0.5, 0.5, 0.5, 0.5, 0.5, 0.5, 0.5, 0. ])] [array([0., 0., 1., 0., 0., 0.])] 2.249542726090722 1.5702700458717922
The order of feature: 49 Tavg_II
[array([0.5, 1. , 0.5, 0.5, 0. , 0.5, 0.5, 0.5, 0.5, 0.5, 0.5, 0.5])] [array([0., 1., 0., 0., 0., 0.])] 2.2394840700727108 1.5661095709472785
The order of feature: 50 Tavg_III
[] [] 2.2864884979612836 1.668469843639926
The order of feature: 51 Tavg_IV
[array([0.5, 0.5, 0.5, 0.5, 0.5, 0.5, 0.5, 0.5, 0.5, 0.5, 1. , 1. ])] [array([0., 0., 0., 0., 1., 0.])] 2.2193914321156725 1.6227636645649313
The order of feature: 52 Tavg_V
[array([0.5, 0.5, 0.5, 0.5, 0.5, 0.5, 0.5, 0. , 0.5, 0. , 0.5, 0.5]), array([0.5, 0. , 0.5, 0.5, 0.5, 0.5, 0.5, 0. , 0.5, 0.5, 0.5, 0.5]), array([0.5, 0. , 0.5, 0. , 0.5, 0.5, 0.5, 0.5, 0.5, 0.5, 0.5, 0.5]), array([0.5, 0.5, 0.5, 0.5, 0. , 0.5, 0.5, 0.5, 0.5, 1. , 0.5, 0.5]), array([0.5, 0.5, 0.5, 0.5, 0.5, 0.5, 0.5, 0.5, 1. , 0. , 0.5, 0.5]), array([0. , 0.5, 0.5, 0.5, 0.5, 0.5, 0.5, 0.5, 0.5, 1. , 0.5, 0.5]), array([0.5, 0. , 0.5, 0.5, 0.5, 0.5, 1. , 0.5, 0.5, 0.5, 0.5, 0.5])] [array([0., 0., 0., 0., 1., 0.]), array([0., 0., 1., 0., 0., 0.]), array([0., 0., 0., 1., 0., 0.]), array([1., 0., 0., 0., 0., 0.]), array([0., 0., 0., 0., 1., 0.]), array([0., 0., 0., 0., 1., 0.]), array([1., 0., 0., 0., 0., 0.])] 2.093558010369192 1.2535754864669244
The order of feature: 53 Tavg_VI
[] [] 2.283322421643471 1.5721975468776472
The order of feature: 54 Tavg_VII
[array([0.5, 0.5, 0.5, 0.5, 0.5, 0.5, 0.5, 0. , 0.5, 0. , 0.5, 0.5]), array([0.5, 0. , 0.5, 0.5, 0.5, 0.5, 0.5, 0. , 0.5, 0.5, 0.5, 0.5]), array([0.5, 0. , 0.5, 0. , 0.5, 0.5, 0.5, 0.5, 0.5, 0.5, 0.5, 0.5]), array([0.5, 0.5, 0.5, 0.5, 0. , 0.5, 0.5, 0.5, 0.5, 1. , 0.5, 0.5])] [array([0., 0., 0., 0., 1., 0.]), array([0., 0., 1., 0., 0., 0.]), array([0., 0., 0., 1., 0., 0.]), array([1., 0., 0., 0., 0., 0.])] 2.162440912740791 1.2863450166122294
The order of feature: 55 Tavg_VIII
[array([0.5, 0.5, 0.5, 0.5, 0.5, 0.5, 0.5, 0. , 0.5, 0. , 0.5, 0.5]), array([0.5, 0.5, 0.5, 0.5, 1. , 0.5, 0.5, 1. , 0.5, 0.5, 0.5, 0.5]), array([1. , 0.5, 0.5, 0.5, 0.5, 0.5, 0.5, 0.5, 0.5, 0.5, 0.5, 1. ]), array([0.5, 0.5, 0.5, 0.5, 0.5, 1. , 0.5, 0.5, 0.5, 1. , 0.5, 0.5]), array([0.5, 1. , 0.5, 0.5, 0. , 0.5, 0.5, 0.5, 0.5, 0.5, 0.5, 0.5]), array([0. , 0.5, 0.5, 0.5, 0.5, 0.5, 0.5, 0.5, 1. , 0.5, 0.5, 0.5])] [array([0., 0., 0., 0., 1., 0.]), array([0., 0., 0., 1., 0., 0.]), array([0., 0., 0., 0., 1., 0.]), array([0., 0., 0., 1., 0., 0.]), array([0., 1., 0., 0., 0., 0.]), array([0., 0., 0., 0., 1., 0.])] 2.121242216487976 1.3205337320534596
The order of feature: 56 Tavg_IX
[array([0.5, 0.5, 0.5, 0.5, 0.5, 0.5, 0.5, 0. , 0.5, 0. , 0.5, 0.5]), array([0.5, 0. , 0.5, 0.5, 0.5, 0.5, 0.5, 0. , 0.5, 0.5, 0.5, 0.5])] [array([0., 0., 0., 0., 1., 0.]), array([0., 0., 1., 0., 0., 0.])] 2.2174271909402408 1.4055258461543516
The order of feature: 57 Tavg_X
[] [] 2.2837186808576613 1.6072824390188352
The order of feature: 58 Tavg_XI
[array([0.5, 0. , 0.5, 0.5, 0.5, 0.5, 0.5, 0.5, 0.5, 0.5, 0.5, 0. ])] [array([0., 1., 0., 0., 0., 0.])] 2.232543196046086 1.374288133365966
The order of feature: 59 Tavg_XII
[array([0.5, 0. , 0.5, 0.5, 0.5, 0.5, 0.5, 0.5, 0.5, 0.5, 0.5, 0. ])] [array([0., 1., 0., 0., 0., 0.])] 2.2396100181459775 1.447330258376553
The order of feature: 60 Tmax_avg_I
[] [] 2.2823406585690127 1.5579770371945745
The order of feature: 61 Tmax_avg_II
[array([0.5, 1. , 0.5, 0.5, 0. , 0.5, 0.5, 0.5, 0.5, 0.5, 0.5, 0.5])] [array([0., 0., 0., 1., 0., 0.])] 2.2317493048559913 1.6179710869788433
The order of feature: 62 Tmax_avg_III
[] [] 2.2859683496057737 1.5747961538619377
The order of feature: 63 Tmax_avg_IV
[] [] 2.286816086513536 1.619387136950852
The order of feature: 64 Tmax_avg_V
[array([0.5, 0.5, 0.5, 0.5, 0.5, 0.5, 0.5, 0. , 0.5, 0. , 0.5, 0.5]), array([0.5, 0. , 0.5, 0.5, 0.5, 0.5, 0.5, 0. , 0.5, 0.5, 0.5, 0.5]), array([0.5, 0. , 0.5, 0. , 0.5, 0.5, 0.5, 0.5, 0.5, 0.5, 0.5, 0.5]), array([0.5, 0.5, 0.5, 0.5, 0. , 0.5, 0.5, 0.5, 0.5, 1. , 0.5, 0.5]), array([0.5, 0.5, 0.5, 0.5, 0.5, 0.5, 0.5, 0.5, 1. , 0. , 0.5, 0.5]), array([0. , 0.5, 0.5, 0.5, 0.5, 0.5, 0.5, 0.5, 0.5, 1. , 0.5, 0.5])] [array([0., 0., 0., 0., 1., 0.]), array([0., 0., 1., 0., 0., 0.]), array([0., 0., 0., 1., 0., 0.]), array([1., 0., 0., 0., 0., 0.]), array([0., 0., 0., 0., 1., 0.]), array([0., 0., 0., 0., 1., 0.])] 2.114498725301346 1.2733784632708403
The order of feature: 65 Tmax_avg_VI
[array([0.5, 0.5, 0.5, 0.5, 0.5, 0.5, 0.5, 0. , 0.5, 0. , 0.5, 0.5]), array([0.5, 0. , 0.5, 0.5, 0.5, 0.5, 0.5, 0. , 0.5, 0.5, 0.5, 0.5]), array([0.5, 0. , 0.5, 0. , 0.5, 0.5, 0.5, 0.5, 0.5, 0.5, 0.5, 0.5]), array([0.5, 0.5, 0.5, 0.5, 0. , 0.5, 0.5, 0.5, 0.5, 1. , 0.5, 0.5]), array([0.5, 0.5, 0.5, 0.5, 0.5, 0.5, 0.5, 0.5, 1. , 0. , 0.5, 0.5]), array([0. , 0.5, 0.5, 0.5, 0.5, 0.5, 0.5, 0.5, 0.5, 1. , 0.5, 0.5])] [array([0., 0., 0., 0., 1., 0.]), array([0., 0., 1., 0., 0., 0.]), array([0., 0., 0., 1., 0., 0.]), array([1., 0., 0., 0., 0., 0.]), array([0., 0., 0., 0., 1., 0.]), array([0., 0., 0., 0., 1., 0.])] 2.1143748912345925 1.2731479787303397
The order of feature: 66 Tmax_avg_VII
[array([0.5, 0.5, 0.5, 0.5, 0.5, 0.5, 0.5, 0. , 0.5, 0. , 0.5, 0.5]), array([0.5, 0. , 0.5, 0.5, 0.5, 0.5, 0.5, 0. , 0.5, 0.5, 0.5, 0.5])] [array([0., 0., 0., 0., 1., 0.]), array([0., 0., 1., 0., 0., 0.])] 2.2160319674925475 1.3915600873258924
The order of feature: 67 Tmax_avg_VIII
[array([0.5, 0.5, 0.5, 0.5, 0.5, 0.5, 0.5, 0. , 0.5, 0. , 0.5, 0.5])] [array([0., 0., 0., 0., 1., 0.])] 2.232396779228545 1.5664332285206175
The order of feature: 69 Tmax_avg_X
[] [] 2.2854161265805586 1.57094560184629
The order of feature: 70 Tmax_avg_XI
[] [] 2.2746840181127768 1.5698845768041547
The order of feature: 71 Tmax_avg_XII
[array([0.5, 0. , 0.5, 0.5, 0.5, 0.5, 0.5, 0.5, 0.5, 0.5, 0.5, 0. ])] [array([0., 0., 0., 0., 1., 0.])] 2.1816613029301704 1.5807571583271045
The order of feature: 72 Tmin_avg_I
[] [] 2.275450114232681 1.5292973926747824
The order of feature: 73 Tmin_avg_II
[array([0.5, 1. , 0.5, 0.5, 0. , 0.5, 0.5, 0.5, 0.5, 0.5, 0.5, 0.5]), array([0.5, 0.5, 0.5, 0.5, 0.5, 0.5, 0.5, 0. , 0.5, 0. , 0.5, 0.5]), array([0.5, 0. , 0.5, 0.5, 0.5, 0.5, 0.5, 0. , 0.5, 0.5, 0.5, 0.5])] [array([0., 0., 0., 1., 0., 0.]), array([0., 0., 0., 0., 1., 0.]), array([0., 0., 1., 0., 0., 0.])] 2.1639755692985436 1.4496480770867384
The order of feature: 74 Tmin_avg_III
[array([0.5, 0.5, 0.5, 0.5, 0.5, 0.5, 0.5, 0.5, 0.5, 0.5, 0. , 1. ])] [array([0., 0., 1., 0., 0., 0.])] 2.229857917454621 1.5435951468882252
The order of feature: 75 Tmin_avg_IV
[] [] 2.278341353444114 1.5853137243083377
The order of feature: 76 Tmin_avg_V
[] [] 2.2818432456891844 1.6089887940113108
The order of feature: 77 Tmin_avg_VI
[] [] 2.2747427850708175 1.6033055845843487
The order of feature: 78 Tmin_avg_VII
[array([0.5, 0.5, 0.5, 0.5, 0.5, 0.5, 0.5, 0.5, 0.5, 0. , 0.5, 1. ])] [array([0., 0., 0., 0., 1., 0.])] 2.2346743322926073 1.5194632435396997
The order of feature: 79 Tmin_avg_VIII
[] [] 2.251327335421983 1.6319425131048952
The order of feature: 80 Tmin_avg_IX
[array([0.5, 0.5, 0.5, 0.5, 0.5, 0.5, 0.5, 0.5, 0.5, 1. , 0.5, 1. ]), array([0.5, 0. , 0.5, 0.5, 0.5, 0.5, 1. , 0.5, 0.5, 0.5, 0.5, 0.5]), array([0.5, 0. , 0.5, 0. , 0.5, 0.5, 0.5, 0.5, 0.5, 0.5, 0.5, 0.5]), array([0.5, 0.5, 0.5, 0.5, 0.5, 0.5, 0. , 0.5, 0.5, 0.5, 1. , 0.5])] [array([0., 0., 0., 1., 0., 0.]), array([1., 0., 0., 0., 0., 0.]), array([0., 0., 0., 1., 0., 0.]), array([1., 0., 0., 0., 0., 0.])] 2.150027736643255 1.385263029652705
The order of feature: 81 Tmin_avg_X
[] [] 2.2874557359869874 1.6127641961626544
The order of feature: 82 Tmin_avg_XI
[array([0.5, 1. , 0.5, 0.5, 0. , 0.5, 0.5, 0.5, 0.5, 0.5, 0.5, 0.5]), array([0.5, 0.5, 0.5, 0.5, 0.5, 0.5, 0.5, 0. , 0.5, 0. , 0.5, 0.5])] [array([0., 0., 0., 1., 0., 0.]), array([0., 0., 0., 0., 1., 0.])] 2.2212630702515197 1.349970399479086
The order of feature: 83 Tmin_avg_XII
[array([0.5, 1. , 0.5, 0.5, 0.5, 0.5, 0. , 0.5, 0.5, 0.5, 0.5, 0.5])] [array([0., 1., 0., 0., 0., 0.])] 2.2437477921507427 1.5123865566935486
The order of feature: 84 Tmax_I
[] [] 2.280928444736455 1.635251355059739
The order of feature: 85 Tmax_II
[] [] 2.287558033033189 1.6078554364492461
The order of feature: 86 Tmax_III
[array([0.5, 0.5, 0.5, 0.5, 0.5, 0.5, 0.5, 0. , 0.5, 0. , 0.5, 0.5]), array([0.5, 0. , 0.5, 0.5, 0.5, 0.5, 0.5, 0. , 0.5, 0.5, 0.5, 0.5]), array([0.5, 0. , 0.5, 0. , 0.5, 0.5, 0.5, 0.5, 0.5, 0.5, 0.5, 0.5]), array([0.5, 0.5, 0.5, 0.5, 0. , 0.5, 0.5, 0.5, 0.5, 1. , 0.5, 0.5]), array([0.5, 0.5, 0.5, 0.5, 0.5, 0.5, 0.5, 0.5, 1. , 0. , 0.5, 0.5]), array([0. , 0.5, 0.5, 0.5, 0.5, 0.5, 0.5, 0.5, 0.5, 1. , 0.5, 0.5]), array([0.5, 1. , 0.5, 0.5, 0.5, 0.5, 0. , 0.5, 0.5, 0.5, 0.5, 0.5]), array([0. , 0.5, 0.5, 0.5, 0.5, 0.5, 0.5, 0.5, 1. , 0.5, 0.5, 0.5])] [array([0., 0., 0., 0., 1., 0.]), array([0., 0., 1., 0., 0., 0.]), array([0., 0., 0., 1., 0., 0.]), array([0., 0., 0., 0., 0., 1.]), array([0., 0., 0., 0., 1., 0.]), array([0., 0., 0., 0., 1., 0.]), array([0., 1., 0., 0., 0., 0.]), array([0., 0., 0., 0., 1., 0.])] 2.0700057787960944 1.2226721220315369
The order of feature: 87 Tmax_IV
[array([0.5, 0. , 0.5, 0.5, 0.5, 0.5, 0.5, 0.5, 0.5, 0.5, 0.5, 0. ]), array([0.5, 0.5, 0.5, 0.5, 0.5, 0.5, 0.5, 0. , 0.5, 0. , 0.5, 0.5]), array([0.5, 0.5, 0.5, 0.5, 1. , 0.5, 0.5, 1. , 0.5, 0.5, 0.5, 0.5])] [array([0., 1., 0., 0., 0., 0.]), array([0., 0., 0., 0., 1., 0.]), array([0., 0., 0., 1., 0., 0.])] 2.1750626307078087 1.4251661905778203
The order of feature: 88 Tmax_V
[array([0.5, 0.5, 0.5, 0.5, 0.5, 0.5, 0.5, 0. , 0.5, 0. , 0.5, 0.5]), array([0.5, 0. , 0.5, 0.5, 0.5, 0.5, 0.5, 0. , 0.5, 0.5, 0.5, 0.5]), array([0.5, 0. , 0.5, 0. , 0.5, 0.5, 0.5, 0.5, 0.5, 0.5, 0.5, 0.5]), array([0.5, 0.5, 0.5, 0.5, 1. , 0.5, 0.5, 0.5, 0.5, 0. , 0.5, 0.5]), array([0.5, 0.5, 0.5, 0.5, 0.5, 0.5, 0.5, 0.5, 1. , 0. , 0.5, 0.5]), array([0. , 0.5, 0.5, 0.5, 0.5, 0.5, 0.5, 0.5, 0.5, 1. , 0.5, 0.5]), array([0.5, 0. , 0.5, 0.5, 0.5, 0.5, 1. , 0.5, 0.5, 0.5, 0.5, 0.5])] [array([0., 0., 0., 0., 1., 0.]), array([0., 0., 1., 0., 0., 0.]), array([0., 0., 0., 1., 0., 0.]), array([1., 0., 0., 0., 0., 0.]), array([0., 0., 0., 0., 1., 0.]), array([0., 0., 0., 0., 1., 0.]), array([1., 0., 0., 0., 0., 0.])] 2.0947831792013596 1.2414163325346181
The order of feature: 89 Tmax_VI
[array([0.5, 1. , 0.5, 0.5, 0. , 0.5, 0.5, 0.5, 0.5, 0.5, 0.5, 0.5])] [array([0., 0., 0., 1., 0., 0.])] 2.252843842472523 1.4203040164396477
The order of feature: 90 Tmax_VII
[array([0.5, 0.5, 0.5, 0.5, 0.5, 0.5, 0.5, 0. , 0.5, 0. , 0.5, 0.5]), array([0.5, 0. , 0.5, 0.5, 0.5, 0.5, 0.5, 0. , 0.5, 0.5, 0.5, 0.5]), array([0.5, 0. , 0.5, 0. , 0.5, 0.5, 0.5, 0.5, 0.5, 0.5, 0.5, 0.5]), array([0.5, 0.5, 0.5, 0.5, 0. , 0.5, 0.5, 0.5, 0.5, 1. , 0.5, 0.5])] [array([0., 0., 0., 0., 1., 0.]), array([0., 0., 1., 0., 0., 0.]), array([0., 0., 0., 1., 0., 0.]), array([1., 0., 0., 0., 0., 0.])] 2.1625518346974726 1.2814275350518618
The order of feature: 91 Tmax_VIII
[] [] 2.283432929516042 1.5973591030555039
The order of feature: 92 Tmax_IX
[] [] 2.2857944648193724 1.578144781541151
The order of feature: 93 Tmax_X
[] [] 2.2804290047772207 1.5668618469368774
The order of feature: 94 Tmax_XI
[array([0.5, 0. , 0.5, 0.5, 0.5, 0.5, 0.5, 0.5, 0.5, 0.5, 0.5, 0. ]), array([0.5, 0. , 0.5, 0.5, 0.5, 1. , 0.5, 0.5, 0.5, 0.5, 0.5, 0.5])] [array([0., 0., 1., 0., 0., 0.]), array([0., 0., 0., 1., 0., 0.])] 2.1622584182423856 1.5309631691208316
The order of feature: 95 Tmax_XII
[array([0.5, 1. , 0.5, 0.5, 0.5, 0.5, 0. , 0.5, 0.5, 0.5, 0.5, 0.5])] [array([0., 1., 0., 0., 0., 0.])] 2.2432494037504225 1.5049154109067622
The order of feature: 96 Tmin_I
[] [] 2.265568474256452 1.6095883697209905
The order of feature: 98 Tmin_III
[array([0.5, 0.5, 0.5, 0.5, 0.5, 0.5, 0.5, 0. , 0.5, 0. , 0.5, 0.5]), array([0.5, 0.5, 0.5, 0.5, 1. , 0.5, 0.5, 1. , 0.5, 0.5, 0.5, 0.5])] [array([0., 0., 0., 0., 1., 0.]), array([0., 1., 0., 0., 0., 0.])] 2.1906027659722085 1.6150075644052764
The order of feature: 99 Tmin_IV
[] [] 2.285554675846051 1.615608527612391
The order of feature: 100 Tmin_V
[array([0.5, 0.5, 0.5, 0.5, 0.5, 0.5, 0.5, 0. , 0.5, 0. , 0.5, 0.5]), array([0.5, 0. , 0.5, 0.5, 0.5, 0.5, 0.5, 0. , 0.5, 0.5, 0.5, 0.5]), array([0.5, 0. , 0.5, 0. , 0.5, 0.5, 0.5, 0.5, 0.5, 0.5, 0.5, 0.5]), array([0.5, 0.5, 0.5, 0.5, 0. , 0.5, 0.5, 0.5, 0.5, 1. , 0.5, 0.5]), array([0.5, 0.5, 0.5, 0.5, 0.5, 0.5, 0.5, 0.5, 1. , 0. , 0.5, 0.5]), array([0. , 0.5, 0.5, 0.5, 0.5, 0.5, 0.5, 0.5, 0.5, 1. , 0.5, 0.5]), array([0.5, 1. , 0.5, 0.5, 0.5, 0.5, 0. , 0.5, 0.5, 0.5, 0.5, 0.5])] [array([0., 0., 0., 0., 1., 0.]), array([0., 0., 1., 0., 0., 0.]), array([0., 0., 0., 1., 0., 0.]), array([1., 0., 0., 0., 0., 0.]), array([0., 0., 0., 0., 1., 0.]), array([0., 0., 0., 0., 1., 0.]), array([0., 1., 0., 0., 0., 0.])] 2.0944329189475686 1.2365558697438332
The order of feature: 101 Tmin_VI
[array([0.5, 1. , 0.5, 0.5, 0. , 0.5, 0.5, 0.5, 0.5, 0.5, 0.5, 0.5])] [array([0., 0., 0., 1., 0., 0.])] 2.25229368305674 1.5288631770549461
The order of feature: 102 Tmin_VII
[array([0.5, 0.5, 0.5, 0.5, 0.5, 0.5, 0.5, 0. , 0.5, 0. , 0.5, 0.5]), array([0.5, 0. , 0.5, 0.5, 0.5, 0.5, 0.5, 0. , 0.5, 0.5, 0.5, 0.5]), array([0.5, 0. , 0.5, 0. , 0.5, 0.5, 0.5, 0.5, 0.5, 0.5, 0.5, 0.5])] [array([0., 0., 0., 0., 1., 0.]), array([0., 0., 1., 0., 0., 0.]), array([0., 0., 0., 1., 0., 0.])] 2.1845426058462127 1.3657071507645282
The order of feature: 103 Tmin_VIII
[array([0.5, 0. , 0.5, 0.5, 0.5, 0.5, 0.5, 0.5, 0.5, 0.5, 0.5, 1. ])] [array([0., 0., 1., 0., 0., 0.])] 2.248607786294491 1.548450509055396
The order of feature: 104 Tmin_IX
[] [] 2.267869860476786 1.5108581218481951
The order of feature: 105 Tmin_X
[] [] 2.2500410024845707 1.7259256776411231
The order of feature: 106 Tmin_XI
[array([0.5, 0.5, 1. , 0.5, 0.5, 0.5, 0.5, 0.5, 0.5, 0.5, 0.5, 1. ])] [array([0., 0., 0., 0., 1., 0.])] 2.253946038371246 1.581461242554436
The order of feature: 107 Tmin_XII
[array([0.5, 0. , 0.5, 0.5, 0.5, 0.5, 0.5, 0.5, 0.5, 0.5, 0.5, 1. ])] [array([0., 0., 1., 0., 0., 0.])] 2.2545774503907205 1.4154598139702663
The order of feature: 108 Havg_I
[] [] 2.280367850275848 1.6312763037093152
The order of feature: 109 Havg_II
[array([0.5, 1. , 0.5, 0.5, 0. , 0.5, 0.5, 0.5, 0.5, 0.5, 0.5, 0.5])] [array([0., 1., 0., 0., 0., 0.])] 2.229152835966527 1.5135483909661591
The order of feature: 110 Havg_III
[array([0.5, 0. , 0.5, 0.5, 0.5, 0.5, 0.5, 0.5, 0.5, 0.5, 0.5, 1. ])] [array([0., 1., 0., 0., 0., 0.])] 2.251385346885653 1.5828837175907788
The order of feature: 111 Havg_IV
[array([0.5, 1. , 0.5, 0.5, 0. , 0.5, 0.5, 0.5, 0.5, 0.5, 0.5, 0.5])] [array([0., 0., 0., 1., 0., 0.])] 2.24454901433389 1.4197319719971826
The order of feature: 112 Havg_V
[array([0.5, 0.5, 0.5, 0.5, 0.5, 0.5, 0.5, 0. , 0.5, 0. , 0.5, 0.5]), array([0.5, 0. , 0.5, 0.5, 0.5, 0.5, 0.5, 0. , 0.5, 0.5, 0.5, 0.5])] [array([0., 0., 0., 0., 1., 0.]), array([0., 0., 1., 0., 0., 0.])] 2.2179003070243883 1.3953585869510687
The order of feature: 113 Havg_VI