New RMSE validation 1.2748328096845298
adding list ['Eva_IV']
removing list []
new selected features ['Rdays_VII', 'Rdays_X', 'Srad_I', 'Srad_IX', 'Srad_X', 'Eva_I', 'Rdays_III', 'Tmax_avg_IX', 'Tmin_II', 'Eva_II', 'Eva_IV']
Adding Round:
The order of feature: 1 Eva_II
[array([0.5, 1. , 0.5, 0.5, 0.5, 0.5, 0.5, 0.5, 0.5, 1. ]), array([1. , 0.5, 0.5, 0.5, 0. , 0.5, 0.5, 0.5, 0.5, 0.5])] [array([0., 0., 1., 0., 0., 0.]), array([0., 0., 0., 1., 0., 0.])] 2.254843879744291 1.4043378212491335
The order of feature: 2 Eva_III
[array([0.5, 1. , 0.5, 0.5, 0.5, 0.5, 0.5, 0.5, 0.5, 1. ])] [array([0., 0., 1., 0., 0., 0.])] 2.252899502971529 1.5835319012796762
The order of feature: 3 Eva_IV
[array([0.5, 0.5, 0.5, 0.5, 0.5, 0.5, 0.5, 0. , 0.5, 0. ]), array([0.5, 0. , 0.5, 0.5, 0.5, 0.5, 0.5, 0. , 0.5, 0.5]), array([0.5, 0. , 0.5, 0. , 0.5, 0.5, 0.5, 0.5, 0.5, 0.5]), array([0.5, 0.5, 0.5, 0.5, 0. , 0.5, 0.5, 0.5, 0.5, 1. ]), array([0.5, 0.5, 0.5, 0.5, 0.5, 0.5, 0.5, 0.5, 1. , 0. ]), array([0. , 0.5, 0.5, 0.5, 0.5, 0.5, 0.5, 0.5, 0.5, 1. ])] [array([0., 0., 0., 0., 1., 0.]), array([0., 0., 1., 0., 0., 0.]), array([0., 0., 0., 1., 0., 0.]), array([1., 0., 0., 0., 0., 0.]), array([0., 0., 0., 0., 1., 0.]), array([0., 0., 0., 0., 1., 0.])] 2.1177638746345444 1.2748328096845298
The order of feature: 4 Eva_V
[] [] 2.3253815158983056 1.6426182405984993
The order of feature: 5 Eva_VI
[array([0.5, 0.5, 1. , 0.5, 0.5, 0.5, 0.5, 0.5, 0.5, 0. ]), array([0.5, 0. , 0.5, 0.5, 0.5, 0.5, 0.5, 0.5, 0.5, 0. ])] [array([0., 0., 0., 1., 0., 0.]), array([0., 0., 1., 0., 0., 0.])] 2.2358702042907215 1.5367690292123157
The order of feature: 6 Eva_VII
[] [] 2.3044639190178597 1.7700418871946706
The order of feature: 7 Eva_VIII
[array([0.5, 0.5, 0.5, 0.5, 0.5, 0.5, 0.5, 0. , 0.5, 0. ]), array([0.5, 0. , 0.5, 0.5, 0.5, 0.5, 0.5, 0. , 0.5, 0.5]), array([0.5, 0. , 0.5, 0. , 0.5, 0.5, 0.5, 0.5, 0.5, 0.5])] [array([0., 0., 0., 0., 1., 0.]), array([0., 0., 1., 0., 0., 0.]), array([0., 0., 0., 1., 0., 0.])] 2.2137165639211718 1.394236453823131
The order of feature: 8 Eva_IX
[array([0.5, 1. , 0.5, 0.5, 0. , 0.5, 0.5, 0.5, 0.5, 0.5]), array([0.5, 0.5, 0.5, 0. , 0.5, 1. , 0.5, 0.5, 0.5, 0.5]), array([0.5, 0.5, 0.5, 1. , 0.5, 0.5, 0. , 0.5, 0.5, 0.5])] [array([0., 0., 0., 1., 0., 0.]), array([0., 0., 1., 0., 0., 0.]), array([0., 0., 0., 0., 1., 0.])] 2.2220239174626943 1.433624815133326
The order of feature: 9 Eva_X
[] [] 2.328003040145683 1.7460418835654765
The order of feature: 10 Eva_XI
[] [] 2.3274339758168296 1.7455684821210646
The order of feature: 11 Eva_XII
[array([0.5, 1. , 0.5, 0.5, 0. , 0.5, 0.5, 0.5, 0.5, 0.5])] [array([0., 1., 0., 0., 0., 0.])] 2.2775800299701348 1.4925730239680233
The order of feature: 12 Prcp_I
[] [] 2.3115941556395447 1.692780051263948
The order of feature: 13 Prcp_II
[array([0.5, 0. , 0.5, 0.5, 0.5, 0.5, 0.5, 0.5, 0.5, 0. ])] [array([0., 0., 1., 0., 0., 0.])] 2.2602044127712335 1.7074852829930816
The order of feature: 14 Prcp_III
[] [] 2.32818641913885 1.674397504064008
The order of feature: 15 Prcp_IV
[] [] 2.328740259250945 1.6899041736949234
The order of feature: 16 Prcp_V
[] [] 2.328692301583898 1.6796739757154668
The order of feature: 17 Prcp_VI
[array([0.5, 1. , 0.5, 0.5, 0.5, 0.5, 0.5, 0.5, 0.5, 1. ]), array([1. , 0.5, 0.5, 0.5, 0. , 0.5, 0.5, 0.5, 0.5, 0.5]), array([0.5, 0. , 1. , 0.5, 0.5, 0.5, 0.5, 0.5, 0.5, 0.5]), array([0.5, 0.5, 0.5, 0.5, 1. , 0.5, 0.5, 1. , 0.5, 0.5])] [array([0., 1., 0., 0., 0., 0.]), array([0., 1., 0., 0., 0., 0.]), array([0., 0., 0., 0., 1., 0.]), array([0., 0., 0., 0., 1., 0.])] 2.1814138425002394 1.392341950525369
The order of feature: 18 Prcp_VII
[array([1. , 0.5, 0.5, 0.5, 0. , 0.5, 0.5, 0.5, 0.5, 0.5]), array([0.5, 0.5, 0.5, 0.5, 0.5, 1. , 0.5, 0.5, 0.5, 1. ]), array([0.5, 1. , 0.5, 0.5, 0.5, 1. , 0.5, 0.5, 0.5, 0.5])] [array([0., 0., 0., 1., 0., 0.]), array([0., 0., 0., 0., 1., 0.]), array([0., 0., 1., 0., 0., 0.])] 2.205311754101368 1.5880153790261478
The order of feature: 19 Prcp_VIII
[] [] 2.324171554703413 1.6880951443092045
The order of feature: 20 Prcp_IX
[] [] 2.3229065627398806 1.8267868491860118
The order of feature: 21 Prcp_X
[array([1. , 0.5, 0.5, 0.5, 0. , 0.5, 0.5, 0.5, 0.5, 0.5]), array([0.5, 1. , 0.5, 0.5, 0. , 0.5, 0.5, 0.5, 0.5, 0.5]), array([0.5, 0.5, 0.5, 0. , 0. , 0.5, 0.5, 0.5, 0.5, 0.5]), array([0.5, 0.5, 0.5, 1. , 0.5, 0.5, 0. , 0.5, 0.5, 0.5])] [array([0., 0., 0., 1., 0., 0.]), array([0., 0., 0., 1., 0., 0.]), array([0., 0., 1., 0., 0., 0.]), array([0., 0., 0., 0., 1., 0.])] 2.217416455576772 1.335124814267763
The order of feature: 22 Prcp_XI
[] [] 2.327556292958779 1.7404399342644823
The order of feature: 23 Prcp_XII
[] [] 2.327211181011325 1.6695321637186915
The order of feature: 24 Prcp_max_I
[] [] 2.323774124759861 1.6839354121967336
The order of feature: 25 Prcp_max_II
[array([0.5, 0. , 0.5, 0.5, 0.5, 0.5, 0.5, 0.5, 0.5, 0. ]), array([0.5, 0. , 0.5, 0. , 0.5, 0.5, 0.5, 0.5, 0.5, 0.5]), array([1. , 0.5, 0.5, 0.5, 0. , 0.5, 0.5, 0.5, 0.5, 0.5])] [array([1., 0., 0., 0., 0., 0.]), array([0., 0., 0., 1., 0., 0.]), array([0., 0., 0., 1., 0., 0.])] 2.209441796199156 1.6322249207880537
The order of feature: 26 Prcp_max_III
[array([1. , 0.5, 0.5, 0.5, 0. , 0.5, 0.5, 0.5, 0.5, 0.5])] [array([0., 0., 0., 1., 0., 0.])] 2.2667039550163843 1.5800382644834097
The order of feature: 27 Prcp_max_IV
[array([0.5, 1. , 0.5, 0.5, 0. , 0.5, 0.5, 0.5, 0.5, 0.5]), array([0.5, 0.5, 0.5, 1. , 1. , 0.5, 0.5, 0.5, 0.5, 0.5])] [array([0., 0., 0., 1., 0., 0.]), array([0., 0., 1., 0., 0., 0.])] 2.23621463648158 1.3964375561282365
The order of feature: 28 Prcp_max_V
[] [] 2.2836610654625624 1.845425573102858
The order of feature: 29 Prcp_max_VI
[array([0.5, 1. , 0.5, 0.5, 0.5, 0.5, 0.5, 0.5, 0.5, 1. ]), array([1. , 0.5, 0.5, 0.5, 0. , 0.5, 0.5, 0.5, 0.5, 0.5])] [array([0., 0., 0., 0., 0., 1.]), array([0., 0., 0., 1., 0., 0.])] 2.2055805985999175 1.5040595528144365
The order of feature: 30 Prcp_max_VII
[] [] 2.30210089136448 1.7409769151096912
The order of feature: 31 Prcp_max_VIII
[] [] 2.320789454889212 1.6641268430529632
The order of feature: 32 Prcp_max_IX
[] [] 2.306961774345193 1.793711234975518
The order of feature: 33 Prcp_max_X
[] [] 2.3257598959023613 1.6934507386172435
The order of feature: 34 Prcp_max_XI
[] [] 2.317333612872879 1.8368151001786757
The order of feature: 35 Prcp_max_XII
[array([0.5, 1. , 0.5, 0.5, 0. , 0.5, 0.5, 0.5, 0.5, 0.5])] [array([0., 1., 0., 0., 0., 0.])] 2.2752799279393012 1.4885895425946225
The order of feature: 36 Rdays_I
[] [] 2.279042649300358 1.80974551746308
The order of feature: 37 Rdays_II
[] [] 2.3282699121735586 1.7068824988452518
The order of feature: 39 Rdays_IV
[] [] 2.321621066365916 1.6849536190923795
The order of feature: 40 Rdays_V
[] [] 2.3283277942086156 1.667250571818687
The order of feature: 41 Rdays_VI
[array([0.5, 1. , 0.5, 0.5, 0. , 0.5, 0.5, 0.5, 0.5, 0.5]), array([0.5, 0.5, 0.5, 0. , 0. , 0.5, 0.5, 0.5, 0.5, 0.5])] [array([0., 0., 0., 1., 0., 0.]), array([0., 0., 1., 0., 0., 0.])] 2.2532737001191143 1.3547741051758753
The order of feature: 43 Rdays_VIII
[] [] 2.31495350420886 1.7277769029515877
The order of feature: 44 Rdays_IX
[] [] 2.3270858131493597 1.6984810678806026
The order of feature: 46 Rdays_XI
[] [] 2.328885442114027 1.68550320167955
The order of feature: 47 Rdays_XII
[] [] 2.324119456920327 1.7258537844335604
The order of feature: 48 Tavg_I
[array([0.5, 0.5, 0. , 0.5, 0.5, 0.5, 0.5, 0.5, 0.5, 1. ])] [array([0., 0., 1., 0., 0., 0.])] 2.2859473671958384 1.6400279069372914
The order of feature: 49 Tavg_II
[array([0.5, 1. , 0.5, 0.5, 0. , 0.5, 0.5, 0.5, 0.5, 0.5]), array([0.5, 0.5, 0. , 1. , 0.5, 0.5, 0.5, 0.5, 0.5, 0.5]), array([0.5, 0.5, 0.5, 1. , 0.5, 0.5, 0. , 0.5, 0.5, 0.5])] [array([0., 1., 0., 0., 0., 0.]), array([1., 0., 0., 0., 0., 0.]), array([0., 0., 0., 1., 0., 0.])] 2.2212047250000353 1.4658550524475087
The order of feature: 50 Tavg_III
[array([1. , 0.5, 0.5, 0.5, 0. , 0.5, 0.5, 0.5, 0.5, 0.5]), array([0.5, 1. , 0.5, 0.5, 0. , 0.5, 0.5, 0.5, 0.5, 0.5]), array([0.5, 0.5, 0.5, 0. , 0. , 0.5, 0.5, 0.5, 0.5, 0.5]), array([0.5, 0.5, 0.5, 1. , 0.5, 0.5, 0. , 0.5, 0.5, 0.5])] [array([0., 0., 0., 1., 0., 0.]), array([0., 0., 0., 1., 0., 0.]), array([0., 0., 1., 0., 0., 0.]), array([0., 0., 0., 0., 1., 0.])] 2.2085650469229967 1.4603112957430227
The order of feature: 51 Tavg_IV
[array([0.5, 0.5, 0.5, 0.5, 0. , 0.5, 0.5, 0.5, 0.5, 1. ])] [array([1., 0., 0., 0., 0., 0.])] 2.2576164922856377 1.6437234321953216
The order of feature: 52 Tavg_V
[] [] 2.3281997824447385 1.696972258424794
The order of feature: 53 Tavg_VI
[] [] 2.3282633744913737 1.6850247714904019
The order of feature: 54 Tavg_VII
[array([1. , 0.5, 0.5, 0.5, 0. , 0.5, 0.5, 0.5, 0.5, 0.5])] [array([0., 0., 0., 1., 0., 0.])] 2.290722486336775 1.6542586637789223
The order of feature: 55 Tavg_VIII
[] [] 2.3165065983213435 1.7706938169544746
The order of feature: 56 Tavg_IX
[] [] 2.3270268404947996 1.6623764837262496
The order of feature: 57 Tavg_X
[array([0.5, 1. , 0.5, 0.5, 0. , 0.5, 0.5, 0.5, 0.5, 0.5]), array([0.5, 0.5, 0.5, 0. , 0.5, 1. , 0.5, 0.5, 0.5, 0.5])] [array([0., 1., 0., 0., 0., 0.]), array([0., 0., 1., 0., 0., 0.])] 2.2462071510862347 1.4355027853021813
The order of feature: 58 Tavg_XI
[array([0.5, 0. , 0.5, 0.5, 0.5, 0.5, 0.5, 0.5, 0.5, 0. ])] [array([0., 0., 0., 1., 0., 0.])] 2.2605501190368718 1.4894160897676327
The order of feature: 59 Tavg_XII
[array([0.5, 0. , 0.5, 0.5, 0.5, 0.5, 0.5, 0.5, 0.5, 0. ])] [array([0., 0., 0., 1., 0., 0.])] 2.2717562496258847 1.5684054758909323
The order of feature: 60 Tmax_avg_I
[array([0.5, 1. , 0.5, 0.5, 0. , 0.5, 0.5, 0.5, 0.5, 0.5])] [array([0., 1., 0., 0., 0., 0.])] 2.2735146729890463 1.4572778646149962
The order of feature: 61 Tmax_avg_II
[array([0.5, 1. , 0.5, 0.5, 0. , 0.5, 0.5, 0.5, 0.5, 0.5])] [array([0., 1., 0., 0., 0., 0.])] 2.247828747048169 1.6680093720474858
The order of feature: 62 Tmax_avg_III
[] [] 2.3182514183634635 1.6066772260001372
The order of feature: 63 Tmax_avg_IV
[] [] 2.325801933246163 1.7083947027387134
The order of feature: 64 Tmax_avg_V
[] [] 2.3194112683516903 1.709858643853794
The order of feature: 65 Tmax_avg_VI
[array([0.5, 0. , 0.5, 0.5, 0.5, 0.5, 0.5, 0.5, 0.5, 1. ])] [array([0., 0., 1., 0., 0., 0.])] 2.281084123027064 1.5585094567231732
The order of feature: 66 Tmax_avg_VII
[] [] 2.3278934870307633 1.6710864767062361
The order of feature: 67 Tmax_avg_VIII
[] [] 2.291261557144985 1.7914823239307631
The order of feature: 69 Tmax_avg_X
[] [] 2.321668343644087 1.5998376577764295
The order of feature: 70 Tmax_avg_XI
[] [] 2.310709406270409 1.6240973334930622
The order of feature: 71 Tmax_avg_XII
[array([0.5, 0. , 0.5, 0.5, 0.5, 0.5, 0.5, 0.5, 0.5, 0. ])] [array([0., 0., 0., 0., 1., 0.])] 2.223302145588647 1.6876011591579922
The order of feature: 72 Tmin_avg_I
[] [] 2.3017771514693166 1.5696749199854516
The order of feature: 73 Tmin_avg_II
[array([0.5, 1. , 0.5, 0.5, 0. , 0.5, 0.5, 0.5, 0.5, 0.5])] [array([0., 1., 0., 0., 0., 0.])] 2.234091489756094 1.623611825767253
The order of feature: 74 Tmin_avg_III
[] [] 2.316233328346185 1.65380353116658
The order of feature: 75 Tmin_avg_IV
[] [] 2.3100652485807136 1.6574262888782185
The order of feature: 76 Tmin_avg_V
[] [] 2.31605282135275 1.6784440456036078
The order of feature: 77 Tmin_avg_VI
[] [] 2.3019519474156147 1.6504454472142533
The order of feature: 78 Tmin_avg_VII
[] [] 2.312526544944205 1.5494531342969875
The order of feature: 79 Tmin_avg_VIII
[array([0.5, 0.5, 0. , 0.5, 0.5, 0.5, 0.5, 0.5, 0.5, 1. ]), array([0.5, 0.5, 0.5, 1. , 0.5, 0.5, 0. , 0.5, 0.5, 0.5])] [array([0., 0., 1., 0., 0., 0.]), array([0., 0., 0., 0., 1., 0.])] 2.22306358173427 1.6267987685228196
The order of feature: 80 Tmin_avg_IX
[array([1. , 0.5, 0.5, 0.5, 0. , 0.5, 0.5, 0.5, 0.5, 0.5]), array([0.5, 1. , 0.5, 0.5, 0. , 0.5, 0.5, 0.5, 0.5, 0.5]), array([0.5, 0.5, 0.5, 0. , 0. , 0.5, 0.5, 0.5, 0.5, 0.5])] [array([0., 0., 0., 1., 0., 0.]), array([0., 0., 0., 1., 0., 0.]), array([0., 0., 1., 0., 0., 0.])] 2.2360584502482097 1.3730384414079253
The order of feature: 81 Tmin_avg_X
[] [] 2.3274073596680864 1.6863078299147727
The order of feature: 82 Tmin_avg_XI
[array([0.5, 1. , 0.5, 0.5, 0. , 0.5, 0.5, 0.5, 0.5, 0.5]), array([0.5, 0.5, 0.5, 0. , 0. , 0.5, 0.5, 0.5, 0.5, 0.5])] [array([0., 0., 0., 1., 0., 0.]), array([0., 0., 1., 0., 0., 0.])] 2.255941501326921 1.3515756199652786
The order of feature: 83 Tmin_avg_XII
[array([0.5, 1. , 0.5, 0.5, 0. , 0.5, 0.5, 0.5, 0.5, 0.5])] [array([0., 0., 0., 1., 0., 0.])] 2.276224046111506 1.4631931088242751
The order of feature: 84 Tmax_I
[] [] 2.317751821048048 1.6977935630867143
The order of feature: 85 Tmax_II
[array([1. , 0.5, 0.5, 0.5, 0. , 0.5, 0.5, 0.5, 0.5, 0.5]), array([0.5, 0.5, 0.5, 0.5, 0.5, 0.5, 0.5, 0.5, 0.5, 1. ]), array([0.5, 1. , 0.5, 0.5, 0. , 0.5, 0.5, 0.5, 0.5, 0.5]), array([0.5, 0.5, 0.5, 0. , 0. , 0.5, 0.5, 0.5, 0.5, 0.5])] [array([0., 0., 0., 1., 0., 0.]), array([0., 0., 0., 1., 0., 0.]), array([0., 0., 0., 1., 0., 0.]), array([0., 0., 1., 0., 0., 0.])] 2.2112433608595796 1.4113671372908136
The order of feature: 86 Tmax_III
[array([1. , 0.5, 0.5, 0.5, 0. , 0.5, 0.5, 0.5, 0.5, 0.5]), array([0.5, 0.5, 0.5, 0.5, 0.5, 0.5, 0.5, 0.5, 0.5, 1. ]), array([0.5, 0.5, 0.5, 0.5, 0.5, 1. , 0.5, 0.5, 0.5, 1. ]), array([0.5, 1. , 0.5, 0.5, 0. , 0.5, 0.5, 0.5, 0.5, 0.5]), array([0. , 0.5, 0.5, 0.5, 0.5, 0.5, 0.5, 0.5, 1. , 0.5]), array([0.5, 0.5, 0.5, 0. , 0. , 0.5, 0.5, 0.5, 0.5, 0.5])] [array([0., 0., 0., 1., 0., 0.]), array([0., 0., 0., 0., 1., 0.]), array([0., 0., 0., 0., 1., 0.]), array([0., 0., 0., 1., 0., 0.]), array([0., 0., 0., 0., 1., 0.]), array([0., 0., 1., 0., 0., 0.])] 2.151979510189297 1.4416047714889892
The order of feature: 87 Tmax_IV
[] [] 2.3278748160845817 1.6626128599276513
The order of feature: 88 Tmax_V
[] [] 2.3288223680832223 1.683351319882431
The order of feature: 89 Tmax_VI
[] [] 2.3288209113588305 1.6796917849306172
The order of feature: 90 Tmax_VII
[] [] 2.3265138498112745 1.672836607291826
The order of feature: 91 Tmax_VIII
[] [] 2.3256045020964824 1.6525029325773204
The order of feature: 92 Tmax_IX
[] [] 2.3232851401350962 1.631579890271121
The order of feature: 93 Tmax_X
[] [] 2.3211706804369285 1.6282129976779813
The order of feature: 94 Tmax_XI
[array([0.5, 0. , 0.5, 0.5, 0.5, 0.5, 0.5, 0.5, 0.5, 0. ]), array([0.5, 0. , 0.5, 0.5, 0.5, 1. , 0.5, 0.5, 0.5, 0.5]), array([1. , 0.5, 0.5, 0.5, 0. , 0.5, 0.5, 0.5, 0.5, 0.5]), array([0.5, 0.5, 0.5, 1. , 0.5, 0.5, 0. , 0.5, 0.5, 0.5])] [array([0., 0., 1., 0., 0., 0.]), array([0., 0., 0., 1., 0., 0.]), array([0., 0., 0., 1., 0., 0.]), array([0., 0., 0., 0., 1., 0.])] 2.1379523762558565 1.4511254749835871
The order of feature: 95 Tmax_XII
[array([0.5, 1. , 0.5, 0.5, 0. , 0.5, 0.5, 0.5, 0.5, 0.5]), array([0.5, 0.5, 0.5, 0. , 0. , 0.5, 0.5, 0.5, 0.5, 0.5])] [array([0., 0., 0., 1., 0., 0.]), array([0., 0., 1., 0., 0., 0.])] 2.2401425395574948 1.4043874798676714
The order of feature: 96 Tmin_I
[] [] 2.316644064181269 1.6907457449943983
The order of feature: 98 Tmin_III
[array([0.5, 1. , 0.5, 0.5, 0. , 0.5, 0.5, 0.5, 0.5, 0.5]), array([0.5, 0.5, 0.5, 0. , 0. , 0.5, 0.5, 0.5, 0.5, 0.5]), array([0.5, 0.5, 0.5, 1. , 0.5, 0.5, 0. , 0.5, 0.5, 0.5])] [array([0., 1., 0., 0., 0., 0.]), array([0., 0., 1., 0., 0., 0.]), array([0., 0., 0., 0., 1., 0.])] 2.1975510188466414 1.4967969224658149
The order of feature: 99 Tmin_IV
[] [] 2.3277786503503632 1.7064398963062393
The order of feature: 100 Tmin_V
[array([0.5, 1. , 0.5, 0.5, 0.5, 0.5, 0.5, 0.5, 0.5, 0. ])] [array([0., 1., 0., 0., 0., 0.])] 2.2925648354329957 1.6933600435941145
The order of feature: 101 Tmin_VI
[] [] 2.326193744364458 1.716398643426318
The order of feature: 102 Tmin_VII
[array([1. , 0.5, 0.5, 0.5, 0. , 0.5, 0.5, 0.5, 0.5, 0.5])] [array([0., 0., 0., 1., 0., 0.])] 2.2879739826387553 1.6800684384174165
The order of feature: 103 Tmin_VIII
[array([0.5, 0. , 0.5, 0.5, 0.5, 0.5, 0.5, 0.5, 0.5, 1. ])] [array([0., 0., 1., 0., 0., 0.])] 2.2728297571684766 1.6826264513756835
The order of feature: 104 Tmin_IX
[] [] 2.3094775512542545 1.575101354572822
The order of feature: 105 Tmin_X
[array([0.5, 0. , 0.5, 0.5, 0.5, 0.5, 0.5, 0. , 0.5, 0.5]), array([0.5, 0. , 0.5, 0. , 0.5, 0.5, 0.5, 0.5, 0.5, 0.5])] [array([0., 0., 1., 0., 0., 0.]), array([0., 0., 0., 1., 0., 0.])] 2.2116242899295564 1.6363860171095455
The order of feature: 106 Tmin_XI
[array([0.5, 0.5, 0.5, 0.5, 1. , 0.5, 0.5, 0.5, 0.5, 1. ]), array([1. , 0.5, 0.5, 0.5, 0. , 0.5, 0.5, 0.5, 0.5, 0.5])] [array([0., 0., 0., 0., 1., 0.]), array([0., 0., 0., 1., 0., 0.])] 2.247247370363182 1.6094305382459344
The order of feature: 107 Tmin_XII
[] [] 2.3288438298386303 1.6713928754735268
The order of feature: 108 Havg_I
[] [] 2.3264065356999155 1.6921311210635945
The order of feature: 109 Havg_II
[array([0.5, 1. , 0.5, 0.5, 0. , 0.5, 0.5, 0.5, 0.5, 0.5]), array([0.5, 0.5, 0.5, 0. , 0. , 0.5, 0.5, 0.5, 0.5, 0.5]), array([0.5, 0.5, 0.5, 1. , 0.5, 0.5, 0. , 0.5, 0.5, 0.5])] [array([0., 1., 0., 0., 0., 0.]), array([0., 0., 1., 0., 0., 0.]), array([0., 0., 0., 0., 1., 0.])] 2.1963007834702406 1.2951053383148146
The order of feature: 110 Havg_III
[] [] 2.328333119224285 1.7003288489756052
The order of feature: 111 Havg_IV
[] [] 2.3288990322383287 1.679570849963384
The order of feature: 112 Havg_V
[array([1. , 0.5, 0.5, 0.5, 0. , 0.5, 0.5, 0.5, 0.5, 0.5]), array([0.5, 1. , 0.5, 0.5, 0. , 0.5, 0.5, 0.5, 0.5, 0.5]), array([0.5, 0.5, 0.5, 0. , 0. , 0.5, 0.5, 0.5, 0.5, 0.5]), array([0.5, 0.5, 0.5, 1. , 0.5, 0.5, 0. , 0.5, 0.5, 0.5])] [array([0., 0., 0., 1., 0., 0.]), array([0., 0., 0., 1., 0., 0.]), array([0., 0., 1., 0., 0., 0.]), array([0., 0., 0., 0., 1., 0.])] 2.2171596607227277 1.3720920991633097
The order of feature: 113 Havg_VI
[] [] 2.323433322338529 1.7178671418529319
The order of feature: 114 Havg_VII
[] [] 2.3106138565646783 1.7088547173067312
The order of feature: 115 Havg_VIII
[array([1. , 0.5, 0.5, 0.5, 0. , 0.5, 0.5, 0.5, 0.5, 0.5])] [array([0., 0., 0., 1., 0., 0.])] 2.2889697291105464 1.644952282934484
The order of feature: 116 Havg_IX
[] [] 2.3143244892052404 2.280486303189661
The order of feature: 117 Havg_X
[] [] 2.328715878606817 1.6827231926840815
The order of feature: 118 Havg_XI
[] [] 2.3288442615474616 1.684230486987256
The order of feature: 119 Havg_XII
[] [] 2.3287364406618867 1.6844373087380593
The order of feature: 120 Hmin_I
[] [] 2.328689497026414 1.6884951272388626
The order of feature: 121 Hmin_II
[] [] 2.323009986188653 1.7179535287773273
The order of feature: 122 Hmin_III
[] [] 2.328767926929593 1.6767271651313813
The order of feature: 123 Hmin_IV
[] [] 2.32858258925877 1.6839188084907022
The order of feature: 124 Hmin_V
[array([1. , 0.5, 0.5, 0.5, 0. , 0.5, 0.5, 0.5, 0.5, 0.5]), array([0.5, 0.5, 0.5, 0.5, 0.5, 0.5, 0.5, 0.5, 0.5, 0. ]), array([0.5, 0. , 0.5, 0.5, 0.5, 0.5, 0.5, 0. , 0.5, 0.5]), array([0.5, 0. , 0.5, 0. , 0.5, 0.5, 0.5, 0.5, 0.5, 0.5])] [array([0., 0., 0., 1., 0., 0.]), array([0., 0., 0., 0., 1., 0.]), array([0., 0., 1., 0., 0., 0.]), array([0., 0., 0., 1., 0., 0.])] 2.2158999662305576 1.5199534819037102
The order of feature: 125 Hmin_VI
[array([1. , 0.5, 0.5, 0.5, 0. , 0.5, 0.5, 0.5, 0.5, 0.5]), array([0.5, 0. , 1. , 0.5, 0.5, 0.5, 0.5, 0.5, 0.5, 0.5]), array([0.5, 0. , 0.5, 0.5, 0.5, 0.5, 0.5, 0. , 0.5, 0.5]), array([0.5, 0. , 0.5, 0. , 0.5, 0.5, 0.5, 0.5, 0.5, 0.5])] [array([0., 0., 0., 1., 0., 0.]), array([0., 0., 0., 0., 1., 0.]), array([0., 0., 1., 0., 0., 0.]), array([0., 0., 0., 1., 0., 0.])] 2.2183871064991556 1.5351665497830804
The order of feature: 126 Hmin_VII
[array([1. , 0.5, 0.5, 0.5, 0. , 0.5, 0.5, 0.5, 0.5, 0.5]), array([0.5, 1. , 0.5, 0.5, 0. , 0.5, 0.5, 0.5, 0.5, 0.5]), array([0.5, 0.5, 0.5, 0. , 0. , 0.5, 0.5, 0.5, 0.5, 0.5]), array([0.5, 0.5, 0.5, 1. , 0.5, 0.5, 0. , 0.5, 0.5, 0.5])] [array([0., 0., 0., 1., 0., 0.]), array([0., 0., 0., 1., 0., 0.]), array([0., 0., 1., 0., 0., 0.]), array([0., 0., 0., 0., 1., 0.])] 2.2174345653578125 1.357792625193557
The order of feature: 127 Hmin_VIII
[] [] 2.3269055694315095 1.6850215134286997
The order of feature: 128 Hmin_IX
[array([1. , 0.5, 0.5, 0.5, 0. , 0.5, 0.5, 0.5, 0.5, 0.5]), array([0.5, 1. , 0.5, 0.5, 0. , 0.5, 0.5, 0.5, 0.5, 0.5]), array([0.5, 0.5, 0.5, 0. , 0. , 0.5, 0.5, 0.5, 0.5, 0.5]), array([0.5, 0.5, 0.5, 1. , 0.5, 0.5, 0. , 0.5, 0.5, 0.5])] [array([0., 0., 0., 1., 0., 0.]), array([0., 0., 0., 1., 0., 0.]), array([0., 0., 1., 0., 0., 0.]), array([0., 0., 0., 0., 1., 0.])] 2.214278016898097 1.410319663684394
The order of feature: 129 Hmin_X
[array([0.5, 1. , 0.5, 0.5, 0.5, 0.5, 0.5, 0.5, 0.5, 0. ]), array([0.5, 0. , 0.5, 0.5, 0.5, 1. , 0.5, 0.5, 0.5, 0.5]), array([0.5, 0. , 0.5, 0. , 0.5, 0.5, 0.5, 0.5, 0.5, 0.5])] [array([0., 0., 1., 0., 0., 0.]), array([0., 1., 0., 0., 0., 0.]), array([0., 1., 0., 0., 0., 0.])] 2.205729422631056 1.8115564060679423
The order of feature: 130 Hmin_XI
[array([0.5, 1. , 0.5, 0.5, 0. , 0.5, 0.5, 0.5, 0.5, 0.5]), array([0.5, 0.5, 0.5, 1. , 1. , 0.5, 0.5, 0.5, 0.5, 0.5])] [array([0., 1., 0., 0., 0., 0.]), array([0., 0., 1., 0., 0., 0.])] 2.237838156791556 1.4397012715082036
The order of feature: 131 Hmin_XII
[] [] 2.316322253063307 1.6337251445681507
The order of feature: 133 Srad_II
[] [] 2.3281047965459174 1.702820758053725
The order of feature: 134 Srad_III
[] [] 2.3038936475663347 1.680265641232717
The order of feature: 135 Srad_IV
[array([0.5, 0. , 0.5, 0.5, 0.5, 0.5, 0.5, 0.5, 0.5, 1. ])] [array([0., 0., 1., 0., 0., 0.])] 2.2228828942781234 1.4430557771257322
The order of feature: 136 Srad_V
[] [] 2.32877197837243 1.6974986923024942
The order of feature: 137 Srad_VI
[array([1. , 0.5, 0.5, 0.5, 0. , 0.5, 0.5, 0.5, 0.5, 0.5]), array([0.5, 0. , 1. , 0.5, 0.5, 0.5, 0.5, 0.5, 0.5, 0.5]), array([0.5, 1. , 0.5, 0.5, 0. , 0.5, 0.5, 0.5, 0.5, 0.5]), array([0.5, 0.5, 0.5, 0. , 0. , 0.5, 0.5, 0.5, 0.5, 0.5])] [array([0., 0., 0., 1., 0., 0.]), array([0., 0., 0., 0., 1., 0.]), array([0., 0., 0., 1., 0., 0.]), array([0., 0., 1., 0., 0., 0.])] 2.217862794889921 1.3872247429094606
The order of feature: 138 Srad_VII
[array([0. , 0.5, 0.5, 0.5, 0.5, 0.5, 0.5, 0.5, 0.5, 0. ])] [array([0., 0., 0., 1., 0., 0.])] 2.273447848623825 1.650912781062828
The order of feature: 139 Srad_VIII
[] [] 2.3286154379882693 1.6887230253223595
The order of feature: 142 Srad_XI
[array([0.5, 1. , 0.5, 0.5, 0. , 0.5, 0.5, 0.5, 0.5, 0.5])] [array([0., 1., 0., 0., 0., 0.])] 2.2091377078974612 1.5215565390929833
The order of feature: 143 Srad_XII
[] [] 2.321596742914092 1.8239437515959496
Removing Round:
The order of feature: 0 Rdays_VII
[array([0.5, 0.5, 0.5, 0.5, 0.5, 0.5, 0. , 0.5, 0.5, 0. ]), array([0. , 0.5, 0.5, 0.5, 0.5, 0.5, 0. , 0.5, 0.5, 0.5]), array([0.5, 0.5, 0.5, 0.5, 1. , 0.5, 0.5, 0.5, 0.5, 1. ])] [array([0., 0., 0., 0., 1., 0.]), array([0., 0., 1., 0., 0., 0.]), array([0., 0., 0., 1., 0., 0.])] 2.2004520473010563 1.3674349040350122
The order of feature: 1 Rdays_X
[array([0.5, 0.5, 0.5, 0.5, 0.5, 0.5, 0. , 0.5, 0.5, 0. ])] [array([0., 0., 0., 0., 1., 0.])] 2.3719203538230023 2.1451085225176043
The order of feature: 2 Srad_I
[array([0.5, 0.5, 0.5, 0.5, 0.5, 0.5, 0. , 0.5, 0.5, 0. ]), array([0.5, 0. , 0.5, 0.5, 0.5, 0.5, 0. , 0.5, 0.5, 0.5]), array([0.5, 0. , 0. , 0.5, 0.5, 0.5, 0.5, 0.5, 0.5, 0.5]), array([0.5, 0.5, 0.5, 0. , 0.5, 0.5, 0.5, 0.5, 0.5, 1. ]), array([0. , 0.5, 0.5, 0.5, 0.5, 0.5, 0.5, 0.5, 0.5, 1. ])] [array([0., 0., 0., 0., 1., 0.]), array([0., 0., 1., 0., 0., 0.]), array([0., 0., 0., 1., 0., 0.]), array([0., 1., 0., 0., 0., 0.]), array([0., 0., 0., 0., 1., 0.])] 2.1501261443163773 1.3446030190014773
The order of feature: 3 Srad_IX
[array([0.5, 0. , 0.5, 0.5, 0.5, 0.5, 0. , 0.5, 0.5, 0.5]), array([0.5, 0.5, 0.5, 0.5, 0.5, 0.5, 0. , 0.5, 0.5, 0. ]), array([0.5, 0. , 0.5, 0.5, 0.5, 0.5, 0.5, 0.5, 1. , 0.5])] [array([0., 0., 1., 0., 0., 0.]), array([0., 0., 0., 0., 1., 0.]), array([0., 0., 0., 1., 0., 0.])] 2.238831623541792 1.6561619466939745
The order of feature: 4 Srad_X
[array([0.5, 0.5, 0.5, 0.5, 0.5, 0.5, 0. , 0.5, 0.5, 0. ]), array([0.5, 0. , 0.5, 0.5, 0.5, 0.5, 0. , 0.5, 0.5, 0.5]), array([0.5, 0. , 0.5, 0. , 0.5, 0.5, 0.5, 0.5, 0.5, 0.5])] [array([0., 0., 0., 0., 1., 0.]), array([0., 0., 1., 0., 0., 0.]), array([0., 0., 0., 1., 0., 0.])] 2.1982377056389337 1.2804525127961985
The order of feature: 5 Eva_I
[array([0.5, 0.5, 0.5, 0.5, 0.5, 0.5, 0. , 0.5, 0.5, 0. ]), array([0.5, 0. , 0.5, 0.5, 0.5, 0.5, 0. , 0.5, 0.5, 0.5]), array([0.5, 0. , 0.5, 0. , 0.5, 0.5, 0.5, 0.5, 0.5, 0.5]), array([0.5, 0.5, 0.5, 0.5, 0. , 0.5, 0.5, 0.5, 0.5, 1. ])] [array([0., 0., 0., 0., 1., 0.]), array([0., 0., 1., 0., 0., 0.]), array([0., 0., 0., 1., 0., 0.]), array([0., 1., 0., 0., 0., 0.])] 2.16381256442719 1.3435939486505128
The order of feature: 6 Rdays_III
[array([0.5, 0.5, 0.5, 0.5, 0.5, 0.5, 0. , 0.5, 0.5, 0. ]), array([0.5, 0. , 0.5, 0.5, 0.5, 0.5, 0. , 0.5, 0.5, 0.5]), array([0.5, 0. , 0.5, 0. , 0.5, 0.5, 0.5, 0.5, 0.5, 0.5]), array([0.5, 0.5, 0.5, 0.5, 0. , 0.5, 0.5, 0.5, 0.5, 1. ]), array([0. , 0.5, 0.5, 0.5, 0.5, 0.5, 0.5, 0.5, 0.5, 1. ]), array([0.5, 0.5, 0.5, 0.5, 0.5, 0.5, 0.5, 1. , 0.5, 0. ]), array([0.5, 0.5, 0.5, 0.5, 0.5, 0.5, 1. , 0.5, 0.5, 1. ])] [array([0., 0., 0., 0., 1., 0.]), array([0., 0., 1., 0., 0., 0.]), array([0., 0., 0., 1., 0., 0.]), array([0., 1., 0., 0., 0., 0.]), array([0., 0., 0., 0., 1., 0.]), array([0., 0., 0., 0., 1., 0.]), array([0., 0., 0., 1., 0., 0.])] 2.0978585855287335 1.31753297634352
The order of feature: 7 Tmax_avg_IX
[] [] 2.2932527162736025 1.6714443460475739
The order of feature: 8 Tmin_II
[array([0.5, 0.5, 0.5, 0.5, 0.5, 0.5, 0.5, 0. , 0.5, 0. ]), array([0.5, 0.5, 0.5, 0.5, 1. , 0.5, 0.5, 1. , 0.5, 0.5]), array([0.5, 0. , 1. , 0.5, 0.5, 0.5, 0.5, 0.5, 0.5, 0.5]), array([0.5, 0.5, 0.5, 0.5, 0.5, 1. , 0.5, 0.5, 0.5, 1. ])] [array([0., 0., 0., 0., 1., 0.]), array([0., 0., 0., 1., 0., 0.]), array([0., 0., 0., 0., 1., 0.]), array([0., 0., 0., 0., 1., 0.])] 2.1908854742697765 1.446383103207361
