round 11
Adding Round:
The order of feature: 2 Eva_III
[array([0.5, 1. , 0.5, 0.5, 0. , 0.5, 0.5, 0.5, 0.5, 0.5, 0.5, 0.5, 0.5,
       0.5, 0.5]), array([0.5, 0.5, 0.5, 0.5, 0.5, 0.5, 0.5, 0. , 0.5, 0.5, 0. , 0.5, 0.5,
       0.5, 0.5])] [array([0., 1., 0., 0., 0., 0.]), array([0., 0., 0., 0., 1., 0.])] 2.1797618986913014 1.4737995832842004
The order of feature: 4 Eva_V
[array([0.5, 0.5, 0.5, 0.5, 0.5, 0.5, 0.5, 0.5, 0.5, 0.5, 0.5, 0.5, 1. ,
       0.5, 0. ]), array([0.5, 0. , 0.5, 0.5, 0.5, 0.5, 0.5, 0.5, 0.5, 0.5, 0.5, 0.5, 0.5,
       0.5, 0. ])] [array([0., 0., 0., 0., 1., 0.]), array([0., 0., 1., 0., 0., 0.])] 2.180614358136076 1.467971163890546
The order of feature: 5 Eva_VI
[] [] 2.260141952381307 1.686049615165264
The order of feature: 6 Eva_VII
[array([0.5, 1. , 0.5, 0.5, 0.5, 0.5, 0.5, 0.5, 0.5, 0.5, 0.5, 0.5, 0.5,
       0.5, 1. ])] [array([0., 0., 1., 0., 0., 0.])] 2.212595544310807 1.7715112752113995
The order of feature: 7 Eva_VIII
[array([0.5, 0.5, 0.5, 0.5, 0.5, 0.5, 0.5, 0. , 0.5, 0.5, 0. , 0.5, 0.5,
       0.5, 0.5]), array([0.5, 0. , 0.5, 0.5, 0.5, 0.5, 0.5, 0. , 0.5, 0.5, 0.5, 0.5, 0.5,
       0.5, 0.5]), array([0.5, 0.5, 0.5, 0.5, 0.5, 1. , 0.5, 0.5, 0.5, 0.5, 1. , 0.5, 0.5,
       0.5, 0.5]), array([0.5, 0. , 0.5, 0.5, 0.5, 1. , 0.5, 0.5, 0.5, 0.5, 0.5, 0.5, 0.5,
       0.5, 0.5])] [array([0., 0., 0., 0., 1., 0.]), array([0., 0., 1., 0., 0., 0.]), array([0., 0., 0., 1., 0., 0.]), array([0., 0., 0., 1., 0., 0.])] 2.127960344050639 1.335419139913772
The order of feature: 8 Eva_IX
[array([0.5, 1. , 0.5, 0.5, 0. , 0.5, 0.5, 0.5, 0.5, 0.5, 0.5, 0.5, 0.5,
       0.5, 0.5]), array([0.5, 0.5, 0.5, 0.5, 0.5, 0.5, 0.5, 0. , 0.5, 0.5, 0. , 0.5, 0.5,
       0.5, 0.5])] [array([0., 0., 0., 1., 0., 0.]), array([0., 0., 0., 0., 1., 0.])] 2.1927235820421074 1.3803713776359745
The order of feature: 9 Eva_X
[array([0.5, 0.5, 0.5, 0.5, 0.5, 0.5, 0.5, 0. , 0.5, 0.5, 0. , 0.5, 0.5,
       0.5, 0.5]), array([0.5, 0. , 0.5, 0.5, 0.5, 0.5, 0.5, 0. , 0.5, 0.5, 0.5, 0.5, 0.5,
       0.5, 0.5])] [array([0., 0., 0., 0., 1., 0.]), array([0., 0., 1., 0., 0., 0.])] 2.1863937632629464 1.4260533329397722
The order of feature: 10 Eva_XI
[array([0.5, 0.5, 0.5, 0.5, 0.5, 0.5, 0.5, 0. , 0.5, 0.5, 0. , 0.5, 0.5,
       0.5, 0.5]), array([0.5, 0. , 0.5, 0.5, 0.5, 0.5, 0.5, 0. , 0.5, 0.5, 0.5, 0.5, 0.5,
       0.5, 0.5]), array([0.5, 0. , 0.5, 0. , 0.5, 0.5, 0.5, 0.5, 0.5, 0.5, 0.5, 0.5, 0.5,
       0.5, 0.5]), array([0.5, 0.5, 0.5, 0.5, 0. , 0.5, 0.5, 0.5, 0.5, 0.5, 1. , 0.5, 0.5,
       0.5, 0.5])] [array([0., 0., 0., 0., 1., 0.]), array([0., 0., 1., 0., 0., 0.]), array([0., 0., 0., 1., 0., 0.]), array([1., 0., 0., 0., 0., 0.])] 2.1271395195305463 1.2640129470918293
The order of feature: 11 Eva_XII
[array([0.5, 1. , 0.5, 0.5, 0. , 0.5, 0.5, 0.5, 0.5, 0.5, 0.5, 0.5, 0.5,
       0.5, 0.5])] [array([0., 1., 0., 0., 0., 0.])] 2.2203237383142627 1.4927520598170627
The order of feature: 12 Prcp_I
[array([0.5, 0.5, 0.5, 0.5, 0.5, 0.5, 0.5, 0. , 0.5, 0.5, 0. , 0.5, 0.5,
       0.5, 0.5]), array([0.5, 0. , 0.5, 0.5, 0.5, 0.5, 0.5, 0. , 0.5, 0.5, 0.5, 0.5, 0.5,
       0.5, 0.5])] [array([0., 0., 0., 0., 1., 0.]), array([0., 0., 1., 0., 0., 0.])] 2.182708157408647 1.4311395357559853
The order of feature: 13 Prcp_II
[array([0.5, 0.5, 0.5, 0.5, 0.5, 0.5, 0.5, 0. , 0.5, 0.5, 0. , 0.5, 0.5,
       0.5, 0.5]), array([0.5, 0. , 0.5, 0.5, 0.5, 0.5, 0.5, 0. , 0.5, 0.5, 0.5, 0.5, 0.5,
       0.5, 0.5])] [array([0., 0., 0., 0., 1., 0.]), array([0., 0., 1., 0., 0., 0.])] 2.1846232020755383 1.4312882235391573
The order of feature: 14 Prcp_III
[] [] 2.260409688682532 1.7038174944411475
The order of feature: 15 Prcp_IV
[array([0.5, 1. , 0.5, 0.5, 0. , 0.5, 0.5, 0.5, 0.5, 0.5, 0.5, 0.5, 0.5,
       0.5, 0.5]), array([0.5, 0.5, 0.5, 0.5, 0.5, 0.5, 0.5, 0. , 0.5, 0.5, 0. , 0.5, 0.5,
       0.5, 0.5])] [array([0., 0., 0., 1., 0., 0.]), array([0., 0., 0., 0., 1., 0.])] 2.1875980836471816 1.4451093134630046
The order of feature: 16 Prcp_V
[array([0.5, 1. , 0.5, 0.5, 0. , 0.5, 0.5, 0.5, 0.5, 0.5, 0.5, 0.5, 0.5,
       0.5, 0.5]), array([0.5, 0.5, 0.5, 0.5, 0.5, 0.5, 0.5, 0. , 0.5, 0.5, 0. , 0.5, 0.5,
       0.5, 0.5])] [array([0., 1., 0., 0., 0., 0.]), array([0., 0., 0., 0., 1., 0.])] 2.192698610267487 1.3660825127698153
The order of feature: 17 Prcp_VI
[array([0.5, 1. , 0.5, 0.5, 0.5, 0.5, 0.5, 0.5, 0.5, 0.5, 0.5, 0.5, 0.5,
       0.5, 1. ])] [array([0., 1., 0., 0., 0., 0.])] 2.1887241879983645 1.4292061003333891
The order of feature: 18 Prcp_VII
[array([0.5, 0.5, 0.5, 0.5, 0.5, 0.5, 0.5, 0. , 0.5, 0.5, 0. , 0.5, 0.5,
       0.5, 0.5])] [array([0., 0., 0., 0., 1., 0.])] 2.195366905188904 1.621847988308211
The order of feature: 19 Prcp_VIII
[] [] 2.2556635474909896 1.7080990944972143
The order of feature: 20 Prcp_IX
[] [] 2.2503830746145 1.8501639650674837
The order of feature: 22 Prcp_XI
[array([0.5, 0.5, 0.5, 0.5, 0.5, 0.5, 0.5, 0. , 0.5, 0.5, 0. , 0.5, 0.5,
       0.5, 0.5]), array([0.5, 0. , 0.5, 0.5, 0.5, 0.5, 0.5, 0. , 0.5, 0.5, 0.5, 0.5, 0.5,
       0.5, 0.5]), array([0.5, 0. , 0.5, 0. , 0.5, 0.5, 0.5, 0.5, 0.5, 0.5, 0.5, 0.5, 0.5,
       0.5, 0.5]), array([0.5, 0.5, 0.5, 0.5, 0. , 0.5, 0.5, 0.5, 0.5, 0.5, 1. , 0.5, 0.5,
       0.5, 0.5])] [array([0., 0., 0., 0., 1., 0.]), array([0., 0., 1., 0., 0., 0.]), array([0., 0., 0., 1., 0., 0.]), array([0., 0., 0., 0., 0., 1.])] 2.1245723127354132 1.2479345131675572
The order of feature: 23 Prcp_XII
[array([0.5, 0.5, 0.5, 0.5, 0.5, 0.5, 0.5, 0. , 0.5, 0.5, 0. , 0.5, 0.5,
       0.5, 0.5]), array([0.5, 0. , 0.5, 0.5, 0.5, 0.5, 0.5, 0. , 0.5, 0.5, 0.5, 0.5, 0.5,
       0.5, 0.5])] [array([0., 0., 0., 0., 1., 0.]), array([0., 0., 1., 0., 0., 0.])] 2.1862500748477065 1.4336078155654128
The order of feature: 24 Prcp_max_I
[] [] 2.260336764736612 1.6926245145384808
The order of feature: 26 Prcp_max_III
[array([0.5, 1. , 0.5, 0.5, 0. , 0.5, 0.5, 0.5, 0.5, 0.5, 0.5, 0.5, 0.5,
       0.5, 0.5])] [array([0., 0., 0., 1., 0., 0.])] 2.2115489692620423 1.4866596625525057
The order of feature: 27 Prcp_max_IV
[array([0.5, 1. , 0.5, 0.5, 0. , 0.5, 0.5, 0.5, 0.5, 0.5, 0.5, 0.5, 0.5,
       0.5, 0.5]), array([0.5, 0.5, 0.5, 0.5, 0.5, 0.5, 0.5, 0. , 0.5, 0.5, 0. , 0.5, 0.5,
       0.5, 0.5])] [array([0., 1., 0., 0., 0., 0.]), array([0., 0., 0., 0., 1., 0.])] 2.1744564149514134 1.3506829555491204
The order of feature: 28 Prcp_max_V
[] [] 2.19438701174408 1.8083776595536918
The order of feature: 29 Prcp_max_VI
[array([0.5, 0. , 0.5, 0.5, 0.5, 0.5, 0.5, 0.5, 0.5, 0.5, 0.5, 0.5, 0.5,
       0.5, 0. ])] [array([0., 0., 0., 0., 0., 1.])] 2.183315755301472 1.5181960139381163
The order of feature: 30 Prcp_max_VII
[] [] 2.242061692168054 1.7258552941901664
The order of feature: 31 Prcp_max_VIII
[] [] 2.2538199967666976 1.6713898880856088
The order of feature: 32 Prcp_max_IX
[] [] 2.2405406335863756 1.7776617837816169
The order of feature: 33 Prcp_max_X
[] [] 2.2524112004568475 1.6631061082043594
The order of feature: 34 Prcp_max_XI
[array([0.5, 1. , 0.5, 0.5, 0. , 0.5, 0.5, 0.5, 0.5, 0.5, 0.5, 0.5, 0.5,
       0.5, 0.5])] [array([0., 1., 0., 0., 0., 0.])] 2.221417077754196 1.5826923988432107
The order of feature: 35 Prcp_max_XII
[array([0.5, 1. , 0.5, 0.5, 0. , 0.5, 0.5, 0.5, 0.5, 0.5, 0.5, 0.5, 0.5,
       0.5, 0.5])] [array([0., 1., 0., 0., 0., 0.])] 2.223230260764811 1.4845331787321367
The order of feature: 36 Rdays_I
[] [] 2.2441595811046633 1.7947205704554083
The order of feature: 37 Rdays_II
[] [] 2.259996309385873 1.6892716154514122
The order of feature: 39 Rdays_IV
[] [] 2.260247336467126 1.6927968086911565
The order of feature: 40 Rdays_V
[array([0.5, 0.5, 0.5, 0.5, 0.5, 0.5, 0.5, 0. , 0.5, 0.5, 0. , 0.5, 0.5,
       0.5, 0.5]), array([0.5, 0. , 0.5, 0.5, 0.5, 0.5, 0.5, 0. , 0.5, 0.5, 0.5, 0.5, 0.5,
       0.5, 0.5])] [array([0., 0., 0., 0., 1., 0.]), array([0., 0., 1., 0., 0., 0.])] 2.1823585194751645 1.3934718817509992
The order of feature: 43 Rdays_VIII
[] [] 2.25368133182513 1.76626368963245
The order of feature: 44 Rdays_IX
[array([0.5, 0.5, 0.5, 0.5, 0.5, 0.5, 0.5, 0. , 0.5, 0.5, 0. , 0.5, 0.5,
       0.5, 0.5]), array([0.5, 0. , 0.5, 0.5, 0.5, 0.5, 0.5, 0. , 0.5, 0.5, 0.5, 0.5, 0.5,
       0.5, 0.5]), array([0.5, 0. , 0.5, 0.5, 0.5, 0.5, 0.5, 0.5, 0.5, 0.5, 0.5, 0.5, 0.5,
       0.5, 1. ])] [array([0., 0., 0., 0., 1., 0.]), array([0., 0., 1., 0., 0., 0.]), array([0., 0., 0., 0., 1., 0.])] 2.155028702209484 1.3960143418702418
The order of feature: 46 Rdays_XI
[] [] 2.2606064939067285 1.6900407943418034
The order of feature: 47 Rdays_XII
[] [] 2.2546521682610767 1.7408938321658438
The order of feature: 48 Tavg_I
[array([0.5, 0.5, 0. , 0.5, 0.5, 0.5, 0.5, 0.5, 0.5, 0.5, 0.5, 0.5, 0.5,
       0.5, 1. ]), array([0.5, 1. , 0.5, 0.5, 0. , 0.5, 0.5, 0.5, 0.5, 0.5, 0.5, 0.5, 0.5,
       0.5, 0.5])] [array([0., 0., 1., 0., 0., 0.]), array([0., 0., 0., 1., 0., 0.])] 2.176025843921328 1.6118446091479945
The order of feature: 49 Tavg_II
[array([0.5, 1. , 0.5, 0.5, 0. , 0.5, 0.5, 0.5, 0.5, 0.5, 0.5, 0.5, 0.5,
       0.5, 0.5])] [array([0., 1., 0., 0., 0., 0.])] 2.2091055109000295 1.588014278004744
The order of feature: 50 Tavg_III
[array([0.5, 1. , 0.5, 0.5, 0. , 0.5, 0.5, 0.5, 0.5, 0.5, 0.5, 0.5, 0.5,
       0.5, 0.5]), array([0.5, 0.5, 0.5, 0.5, 0.5, 0.5, 0.5, 0. , 0.5, 0.5, 0. , 0.5, 0.5,
       0.5, 0.5])] [array([0., 1., 0., 0., 0., 0.]), array([0., 0., 0., 0., 1., 0.])] 2.1905892373468974 1.4623322192017563
The order of feature: 51 Tavg_IV
[] [] 2.2554692942751573 1.712990999205078
The order of feature: 52 Tavg_V
[array([0.5, 0.5, 0.5, 0.5, 0.5, 0.5, 0.5, 0. , 0.5, 0.5, 0. , 0.5, 0.5,
       0.5, 0.5]), array([0.5, 0. , 0.5, 0.5, 0.5, 0.5, 0.5, 0. , 0.5, 0.5, 0.5, 0.5, 0.5,
       0.5, 0.5]), array([0.5, 0. , 0.5, 0. , 0.5, 0.5, 0.5, 0.5, 0.5, 0.5, 0.5, 0.5, 0.5,
       0.5, 0.5]), array([0.5, 0.5, 0.5, 0.5, 0. , 0.5, 0.5, 0.5, 0.5, 0.5, 1. , 0.5, 0.5,
       0.5, 0.5])] [array([0., 0., 0., 0., 1., 0.]), array([0., 0., 1., 0., 0., 0.]), array([0., 0., 0., 1., 0., 0.]), array([1., 0., 0., 0., 0., 0.])] 2.1295124048011282 1.2898458317124268
The order of feature: 53 Tavg_VI
[array([0.5, 0.5, 0.5, 0.5, 0.5, 0.5, 0.5, 0. , 0.5, 0.5, 0. , 0.5, 0.5,
       0.5, 0.5]), array([0.5, 0. , 0.5, 0.5, 0.5, 0.5, 0.5, 0. , 0.5, 0.5, 0.5, 0.5, 0.5,
       0.5, 0.5]), array([0.5, 0.5, 0.5, 0.5, 0.5, 0.5, 0.5, 0.5, 0.5, 0.5, 0. , 0.5, 0.5,
       0.5, 1. ])] [array([0., 0., 0., 0., 1., 0.]), array([0., 0., 1., 0., 0., 0.]), array([0., 0., 0., 1., 0., 0.])] 2.1565140291208054 1.4438938467386488
The order of feature: 54 Tavg_VII
[array([0.5, 0.5, 0.5, 0.5, 0.5, 0.5, 0.5, 0. , 0.5, 0.5, 0. , 0.5, 0.5,
       0.5, 0.5]), array([0.5, 0. , 0.5, 0.5, 0.5, 0.5, 0.5, 0. , 0.5, 0.5, 0.5, 0.5, 0.5,
       0.5, 0.5]), array([0.5, 0.5, 0.5, 0.5, 0.5, 1. , 0.5, 0.5, 0.5, 0.5, 1. , 0.5, 0.5,
       0.5, 0.5]), array([0.5, 0. , 0.5, 0.5, 0.5, 1. , 0.5, 0.5, 0.5, 0.5, 0.5, 0.5, 0.5,
       0.5, 0.5])] [array([0., 0., 0., 0., 1., 0.]), array([0., 0., 1., 0., 0., 0.]), array([0., 0., 0., 1., 0., 0.]), array([0., 0., 0., 1., 0., 0.])] 2.128533384779958 1.3431466102646998
The order of feature: 55 Tavg_VIII
[array([0.5, 0.5, 0.5, 0.5, 0.5, 0.5, 0.5, 0. , 0.5, 0.5, 0. , 0.5, 0.5,
       0.5, 0.5])] [array([0., 0., 0., 0., 1., 0.])] 2.2154359939351296 1.5341496586560064
The order of feature: 56 Tavg_IX
[array([0.5, 0.5, 0.5, 0.5, 0.5, 0.5, 0.5, 0. , 0.5, 0.5, 0. , 0.5, 0.5,
       0.5, 0.5]), array([0.5, 0. , 0.5, 0.5, 0.5, 0.5, 0.5, 0. , 0.5, 0.5, 0.5, 0.5, 0.5,
       0.5, 0.5])] [array([0., 0., 0., 0., 1., 0.]), array([0., 0., 1., 0., 0., 0.])] 2.18366158735177 1.4418025482314292
The order of feature: 57 Tavg_X
[] [] 2.257077567529377 1.7109946950736603
The order of feature: 58 Tavg_XI
[array([0.5, 0. , 0.5, 0.5, 0.5, 0.5, 0.5, 0.5, 0.5, 0.5, 0.5, 0.5, 0.5,
       0.5, 0. ])] [array([0., 1., 0., 0., 0., 0.])] 2.212673579014577 1.4896646299319654
The order of feature: 59 Tavg_XII
[array([0.5, 0. , 0.5, 0.5, 0.5, 0.5, 0.5, 0.5, 0.5, 0.5, 0.5, 0.5, 0.5,
       0.5, 0. ])] [array([0., 1., 0., 0., 0., 0.])] 2.2117664263416454 1.5328684925523948
The order of feature: 60 Tmax_avg_I
[] [] 2.256527899027757 1.6607981726527734
The order of feature: 61 Tmax_avg_II
[array([0.5, 1. , 0.5, 0.5, 0. , 0.5, 0.5, 0.5, 0.5, 0.5, 0.5, 0.5, 0.5,
       0.5, 0.5])] [array([0., 0., 0., 1., 0., 0.])] 2.2105007372551975 1.6218225406213085
The order of feature: 62 Tmax_avg_III
[array([0.5, 0.5, 0.5, 0.5, 0.5, 0.5, 0.5, 0. , 0.5, 0.5, 0. , 0.5, 0.5,
       0.5, 0.5]), array([0.5, 0. , 0.5, 0.5, 0.5, 0.5, 0.5, 0. , 0.5, 0.5, 0.5, 0.5, 0.5,
       0.5, 0.5]), array([0.5, 0. , 0.5, 0. , 0.5, 0.5, 0.5, 0.5, 0.5, 0.5, 0.5, 0.5, 0.5,
       0.5, 0.5]), array([0.5, 0.5, 0.5, 0.5, 0. , 0.5, 0.5, 0.5, 0.5, 0.5, 1. , 0.5, 0.5,
       0.5, 0.5])] [array([0., 0., 0., 0., 1., 0.]), array([0., 0., 1., 0., 0., 0.]), array([0., 0., 0., 1., 0., 0.]), array([1., 0., 0., 0., 0., 0.])] 2.129668048867504 1.290264912759789
The order of feature: 63 Tmax_avg_IV
[] [] 2.2600323896303967 1.709527713249565
The order of feature: 64 Tmax_avg_V
[array([0.5, 0.5, 0.5, 0.5, 0.5, 0.5, 0.5, 0. , 0.5, 0.5, 0. , 0.5, 0.5,
       0.5, 0.5]), array([0.5, 0. , 0.5, 0.5, 0.5, 0.5, 0.5, 0. , 0.5, 0.5, 0.5, 0.5, 0.5,
       0.5, 0.5])] [array([0., 0., 0., 0., 1., 0.]), array([0., 0., 1., 0., 0., 0.])] 2.1864779273493777 1.4305510509536603
The order of feature: 65 Tmax_avg_VI
[array([0.5, 0.5, 0.5, 0.5, 0.5, 0.5, 0.5, 0. , 0.5, 0.5, 0. , 0.5, 0.5,
       0.5, 0.5]), array([0.5, 0. , 0.5, 0.5, 0.5, 0.5, 0.5, 0. , 0.5, 0.5, 0.5, 0.5, 0.5,
       0.5, 0.5]), array([0.5, 0. , 0.5, 0. , 0.5, 0.5, 0.5, 0.5, 0.5, 0.5, 0.5, 0.5, 0.5,
       0.5, 0.5]), array([0.5, 0.5, 0.5, 0.5, 0. , 0.5, 0.5, 0.5, 0.5, 0.5, 1. , 0.5, 0.5,
       0.5, 0.5])] [array([0., 0., 0., 0., 1., 0.]), array([0., 0., 1., 0., 0., 0.]), array([0., 0., 0., 1., 0., 0.]), array([1., 0., 0., 0., 0., 0.])] 2.1277862631693174 1.3079041268869338
The order of feature: 66 Tmax_avg_VII
[array([0.5, 0.5, 0.5, 0.5, 0.5, 0.5, 0.5, 0. , 0.5, 0.5, 0. , 0.5, 0.5,
       0.5, 0.5]), array([0.5, 0. , 0.5, 0.5, 0.5, 0.5, 0.5, 0. , 0.5, 0.5, 0.5, 0.5, 0.5,
       0.5, 0.5]), array([0.5, 0.5, 0.5, 0.5, 0.5, 1. , 0.5, 0.5, 0.5, 0.5, 1. , 0.5, 0.5,
       0.5, 0.5]), array([0.5, 0. , 0.5, 0.5, 0.5, 1. , 0.5, 0.5, 0.5, 0.5, 0.5, 0.5, 0.5,
       0.5, 0.5])] [array([0., 0., 0., 0., 1., 0.]), array([0., 0., 1., 0., 0., 0.]), array([0., 0., 0., 1., 0., 0.]), array([0., 0., 0., 1., 0., 0.])] 2.1263811821205203 1.3285356453883743
The order of feature: 67 Tmax_avg_VIII
[] [] 2.23300474294027 1.7522776460024616
The order of feature: 69 Tmax_avg_X
[] [] 2.2592257217586997 1.662185667921768
The order of feature: 70 Tmax_avg_XI
[array([0.5, 0.5, 0.5, 0.5, 0.5, 0.5, 0.5, 0. , 0.5, 0.5, 0. , 0.5, 0.5,
       0.5, 0.5]), array([0.5, 0. , 0.5, 0.5, 0.5, 0.5, 0.5, 0. , 0.5, 0.5, 0.5, 0.5, 0.5,
       0.5, 0.5]), array([0.5, 0.5, 0.5, 0.5, 0.5, 0.5, 0.5, 0.5, 0.5, 0.5, 0.5, 0.5, 0.5,
       0. , 0. ]), array([0.5, 0.5, 0.5, 0.5, 0. , 0.5, 0.5, 0.5, 0.5, 0.5, 1. , 0.5, 0.5,
       0.5, 0.5])] [array([0., 0., 0., 0., 1., 0.]), array([0., 0., 1., 0., 0., 0.]), array([0., 0., 0., 1., 0., 0.]), array([0., 0., 0., 0., 0., 1.])] 2.11210844022588 1.3328851596968223
The order of feature: 71 Tmax_avg_XII
[] [] 2.2506169985380673 1.7419518099551237
The order of feature: 72 Tmin_avg_I
[] [] 2.2490842069219554 1.6402637363761359
The order of feature: 73 Tmin_avg_II
[array([0.5, 1. , 0.5, 0.5, 0. , 0.5, 0.5, 0.5, 0.5, 0.5, 0.5, 0.5, 0.5,
       0.5, 0.5])] [array([0., 1., 0., 0., 0., 0.])] 2.1970476985061773 1.6211572588243461
The order of feature: 74 Tmin_avg_III
[] [] 2.2563686165271997 1.669872349965404
The order of feature: 75 Tmin_avg_IV
[] [] 2.2525426204315004 1.6902325160643394
The order of feature: 76 Tmin_avg_V
[] [] 2.256416053355684 1.7046896639194438
The order of feature: 77 Tmin_avg_VI
[array([0.5, 1. , 0.5, 0.5, 0. , 0.5, 0.5, 0.5, 0.5, 0.5, 0.5, 0.5, 0.5,
       0.5, 0.5]), array([0.5, 0.5, 0.5, 0.5, 0.5, 0.5, 0.5, 0. , 0.5, 0.5, 0. , 0.5, 0.5,
       0.5, 0.5])] [array([0., 0., 0., 1., 0., 0.]), array([0., 0., 0., 0., 1., 0.])] 2.184548964219843 1.4123425065204043
The order of feature: 78 Tmin_avg_VII
[array([0.5, 0.5, 0.5, 0.5, 0.5, 0.5, 0.5, 0. , 0.5, 0.5, 0. , 0.5, 0.5,
       0.5, 0.5]), array([0.5, 0. , 0.5, 0.5, 0.5, 0.5, 0.5, 0. , 0.5, 0.5, 0.5, 0.5, 0.5,
       0.5, 0.5])] [array([0., 0., 0., 0., 1., 0.]), array([0., 0., 1., 0., 0., 0.])] 2.170897964035722 1.3026486904085004
The order of feature: 79 Tmin_avg_VIII
[] [] 2.221712104093989 1.7236862197417395
The order of feature: 80 Tmin_avg_IX
[array([0.5, 0.5, 0.5, 0.5, 0.5, 0.5, 0.5, 0.5, 0.5, 0.5, 1. , 0.5, 0.5,
       0.5, 1. ])] [array([0., 1., 0., 0., 0., 0.])] 2.1949634743216406 1.5488962050332267
The order of feature: 81 Tmin_avg_X
[] [] 2.259938627171072 1.6927269669509046
The order of feature: 82 Tmin_avg_XI