adding list ['Eva_XI', 'Prcp_max_II', 'Prcp_max_XII']
removing list []
new selected features ['Rdays_VII', 'Rdays_X', 'Srad_I', 'Srad_IX', 'Srad_X', 'Eva_I', 'Rdays_III', 'Tmax_avg_IX', 'Tmin_II', 'Eva_IV', 'Eva_XI', 'Prcp_max_II', 'Prcp_max_XII']
2.094937084646146 1.229235353614789
round 3
Adding Round:
The order of feature: 1 Eva_II
[array([0.5, 0.5, 0.5, 0.5, 0.5, 0.5, 0.5, 0. , 0.5, 0. , 0.5]), array([0.5, 0. , 0.5, 0.5, 0.5, 0.5, 0.5, 0. , 0.5, 0.5, 0.5]), array([0.5, 0. , 0.5, 0. , 0.5, 0.5, 0.5, 0.5, 0.5, 0.5, 0.5]), array([0.5, 0.5, 0.5, 0.5, 0. , 0.5, 0.5, 0.5, 0.5, 1. , 0.5]), array([0. , 0.5, 0.5, 0.5, 0.5, 0.5, 0.5, 0.5, 0.5, 1. , 0.5])] [array([0., 0., 0., 0., 1., 0.]), array([0., 0., 1., 0., 0., 0.]), array([0., 0., 0., 1., 0., 0.]), array([0., 1., 0., 0., 0., 0.]), array([0., 0., 0., 0., 1., 0.])] 2.1408091084259677 1.3275671413408168
The order of feature: 2 Eva_III
[array([0.5, 0. , 0.5, 0.5, 0.5, 0.5, 0.5, 0.5, 0.5, 0.5, 0. ])] [array([0., 0., 1., 0., 0., 0.])] 2.2481869843301845 1.5496942437532641
The order of feature: 4 Eva_V
[array([0.5, 0.5, 0.5, 0.5, 0.5, 0.5, 0.5, 0. , 0.5, 0. , 0.5]), array([0.5, 0. , 0.5, 0.5, 0.5, 0.5, 0.5, 0. , 0.5, 0.5, 0.5]), array([0.5, 0. , 0.5, 0. , 0.5, 0.5, 0.5, 0.5, 0.5, 0.5, 0.5]), array([0.5, 0.5, 0.5, 0.5, 0. , 0.5, 0.5, 0.5, 0.5, 1. , 0.5]), array([0.5, 0.5, 0.5, 0.5, 0.5, 0.5, 0.5, 0.5, 1. , 0. , 0.5]), array([0. , 0.5, 0.5, 0.5, 0.5, 0.5, 0.5, 0.5, 0.5, 1. , 0.5])] [array([0., 0., 0., 0., 1., 0.]), array([0., 0., 1., 0., 0., 0.]), array([0., 1., 0., 0., 0., 0.]), array([1., 0., 0., 0., 0., 0.]), array([0., 0., 0., 0., 1., 0.]), array([0., 0., 0., 0., 1., 0.])] 2.1056194401137005 1.2931995883823046
The order of feature: 5 Eva_VI
[] [] 2.289482679700569 1.590918614253267
The order of feature: 6 Eva_VII
[] [] 2.2824513010878187 1.6852485144703415
The order of feature: 7 Eva_VIII
[array([0.5, 0.5, 0.5, 0.5, 0.5, 0.5, 0.5, 0. , 0.5, 0.5, 0. ]), array([0.5, 0. , 0.5, 0.5, 0.5, 0.5, 0.5, 0. , 0.5, 0.5, 0.5]), array([0.5, 0. , 0.5, 0. , 0.5, 0.5, 0.5, 0.5, 0.5, 0.5, 0.5])] [array([0., 0., 0., 0., 1., 0.]), array([0., 0., 1., 0., 0., 0.]), array([0., 0., 0., 1., 0., 0.])] 2.187593669805979 1.3853591179213656
The order of feature: 8 Eva_IX
[array([0.5, 0.5, 0.5, 0.5, 0.5, 0.5, 0.5, 0. , 0.5, 0. , 0.5]), array([0.5, 0. , 0.5, 0.5, 0.5, 0.5, 0.5, 0. , 0.5, 0.5, 0.5]), array([0.5, 0. , 0.5, 0. , 0.5, 0.5, 0.5, 0.5, 0.5, 0.5, 0.5]), array([0.5, 0.5, 0.5, 0.5, 0. , 0.5, 0.5, 0.5, 0.5, 1. , 0.5])] [array([0., 0., 0., 0., 1., 0.]), array([0., 0., 1., 0., 0., 0.]), array([0., 0., 0., 1., 0., 0.]), array([1., 0., 0., 0., 0., 0.])] 2.1625817186638914 1.284542986830782
The order of feature: 9 Eva_X
[array([0.5, 0.5, 0.5, 0.5, 0.5, 0.5, 0.5, 0. , 0.5, 0. , 0.5]), array([0.5, 0. , 0.5, 0.5, 0.5, 0.5, 0.5, 0. , 0.5, 0.5, 0.5]), array([0.5, 0. , 0.5, 0. , 0.5, 0.5, 0.5, 0.5, 0.5, 0.5, 0.5]), array([0.5, 0.5, 0.5, 0.5, 0. , 0.5, 0.5, 0.5, 0.5, 1. , 0.5]), array([0.5, 0.5, 0.5, 0.5, 0.5, 0.5, 0.5, 0.5, 1. , 0. , 0.5]), array([0. , 0.5, 0.5, 0.5, 0.5, 0.5, 0.5, 0.5, 0.5, 1. , 0.5])] [array([0., 0., 0., 0., 1., 0.]), array([0., 0., 1., 0., 0., 0.]), array([0., 0., 0., 1., 0., 0.]), array([1., 0., 0., 0., 0., 0.]), array([0., 0., 0., 0., 1., 0.]), array([0., 0., 0., 0., 1., 0.])] 2.1166552001466132 1.2864847847908443
The order of feature: 10 Eva_XI
[array([0.5, 0.5, 0.5, 0.5, 0.5, 0.5, 0.5, 0. , 0.5, 0. , 0.5]), array([0.5, 0. , 0.5, 0.5, 0.5, 0.5, 0.5, 0. , 0.5, 0.5, 0.5]), array([0.5, 0. , 0.5, 0. , 0.5, 0.5, 0.5, 0.5, 0.5, 0.5, 0.5]), array([0.5, 0.5, 0.5, 0.5, 0. , 0.5, 0.5, 0.5, 0.5, 1. , 0.5]), array([0. , 0.5, 0.5, 0.5, 0.5, 0.5, 0.5, 0.5, 0.5, 1. , 0.5]), array([0.5, 0.5, 0.5, 0.5, 0.5, 0.5, 0.5, 0.5, 0.5, 0. , 1. ])] [array([0., 0., 0., 0., 1., 0.]), array([0., 0., 1., 0., 0., 0.]), array([0., 0., 0., 1., 0., 0.]), array([0., 1., 0., 0., 0., 0.]), array([0., 0., 0., 0., 1., 0.]), array([0., 0., 0., 0., 1., 0.])] 2.114017809287127 1.246750797356169
The order of feature: 11 Eva_XII
[] [] 2.2851722575471243 1.6003568385523597
The order of feature: 12 Prcp_I
[] [] 2.285996809147154 1.625071022941469
The order of feature: 13 Prcp_II
[array([0.5, 0. , 0.5, 0.5, 0.5, 0.5, 0.5, 0.5, 0.5, 0.5, 0. ]), array([0.5, 0.5, 0.5, 0.5, 0.5, 0.5, 0.5, 0.5, 0.5, 1. , 0. ])] [array([0., 0., 1., 0., 0., 0.]), array([0., 1., 0., 0., 0., 0.])] 2.2056540750454707 1.6427453178799276
The order of feature: 14 Prcp_III
[] [] 2.2910435958348394 1.6033892788689734
The order of feature: 15 Prcp_IV
[array([0.5, 0.5, 0.5, 0.5, 0.5, 0.5, 0.5, 0.5, 0.5, 1. , 0. ])] [array([0., 0., 0., 1., 0., 0.])] 2.250331476403194 1.5330337871132176
The order of feature: 16 Prcp_V
[array([0.5, 0.5, 0.5, 0.5, 0.5, 0.5, 0.5, 0. , 0.5, 0. , 0.5]), array([0.5, 0. , 0.5, 0.5, 0.5, 0.5, 0.5, 0. , 0.5, 0.5, 0.5]), array([0.5, 0. , 0.5, 0. , 0.5, 0.5, 0.5, 0.5, 0.5, 0.5, 0.5]), array([0.5, 0.5, 0.5, 0.5, 0. , 0.5, 0.5, 0.5, 0.5, 1. , 0.5]), array([0. , 0.5, 0.5, 0.5, 0.5, 0.5, 0.5, 0.5, 0.5, 1. , 0.5])] [array([0., 0., 0., 0., 1., 0.]), array([0., 0., 1., 0., 0., 0.]), array([0., 0., 0., 1., 0., 0.]), array([0., 1., 0., 0., 0., 0.]), array([0., 0., 0., 0., 1., 0.])] 2.141245118227282 1.284485391708755
The order of feature: 17 Prcp_VI
[array([0.5, 1. , 0.5, 0.5, 0.5, 0.5, 0.5, 0.5, 0.5, 0.5, 1. ])] [array([0., 1., 0., 0., 0., 0.])] 2.2125062462617846 1.3725050495311153
The order of feature: 18 Prcp_VII
[array([0.5, 0.5, 0.5, 0.5, 0.5, 0.5, 0.5, 0. , 0.5, 0. , 0.5])] [array([0., 0., 0., 0., 1., 0.])] 2.215772634837792 1.6190966457735876
The order of feature: 19 Prcp_VIII
[] [] 2.2867930404109535 1.6154981611711101
The order of feature: 20 Prcp_IX
[] [] 2.285421527664814 1.7069218368429873
The order of feature: 21 Prcp_X
[array([0.5, 0.5, 0.5, 0.5, 0.5, 0.5, 0.5, 0. , 0.5, 0. , 0.5]), array([0.5, 0. , 0.5, 0.5, 0.5, 0.5, 0.5, 0. , 0.5, 0.5, 0.5]), array([0.5, 0. , 0.5, 0. , 0.5, 0.5, 0.5, 0.5, 0.5, 0.5, 0.5]), array([0.5, 0.5, 0.5, 0.5, 0. , 0.5, 0.5, 0.5, 0.5, 1. , 0.5]), array([0.5, 0.5, 0.5, 0.5, 0.5, 0.5, 0.5, 0.5, 1. , 0. , 0.5]), array([0. , 0.5, 0.5, 0.5, 0.5, 0.5, 0.5, 0.5, 0.5, 1. , 0.5])] [array([0., 0., 0., 0., 1., 0.]), array([0., 0., 1., 0., 0., 0.]), array([0., 0., 0., 1., 0., 0.]), array([1., 0., 0., 0., 0., 0.]), array([0., 0., 0., 0., 1., 0.]), array([0., 0., 0., 0., 1., 0.])] 2.116804952035554 1.2627957717650864
The order of feature: 22 Prcp_XI
[array([0.5, 0.5, 0.5, 0.5, 0.5, 0.5, 0.5, 0. , 0.5, 0. , 0.5]), array([0.5, 0. , 0.5, 0.5, 0.5, 0.5, 0.5, 0. , 0.5, 0.5, 0.5]), array([0.5, 0.5, 0.5, 0.5, 0.5, 0. , 0.5, 0.5, 0.5, 0.5, 0. ]), array([0.5, 0.5, 0.5, 0.5, 0.5, 1. , 0.5, 0.5, 0.5, 1. , 0.5]), array([0.5, 0. , 0.5, 0.5, 0.5, 1. , 0.5, 0.5, 0.5, 0.5, 0.5])] [array([0., 0., 0., 0., 1., 0.]), array([0., 0., 1., 0., 0., 0.]), array([0., 0., 1., 0., 0., 0.]), array([0., 0., 0., 1., 0., 0.]), array([0., 1., 0., 0., 0., 0.])] 2.132557810762832 1.3082868050135674
The order of feature: 23 Prcp_XII
[] [] 2.2910906698261937 1.6013615906459304
The order of feature: 24 Prcp_max_I
[] [] 2.2900077771628506 1.6085683766380559
The order of feature: 25 Prcp_max_II
[array([0.5, 0.5, 0.5, 0.5, 0.5, 0.5, 0.5, 0. , 0.5, 0. , 0.5]), array([0.5, 0. , 0.5, 0.5, 0.5, 0.5, 0.5, 0. , 0.5, 0.5, 0.5]), array([0.5, 0. , 0.5, 0. , 0.5, 0.5, 0.5, 0.5, 0.5, 0.5, 0.5]), array([0.5, 0.5, 0.5, 0.5, 0. , 0.5, 0.5, 0.5, 0.5, 1. , 0.5]), array([0. , 0.5, 0.5, 0.5, 0.5, 0.5, 0.5, 0.5, 0.5, 1. , 0.5]), array([0.5, 0.5, 0.5, 0.5, 0.5, 0.5, 0.5, 0.5, 1. , 0. , 0.5]), array([0.5, 0.5, 0.5, 0.5, 0.5, 0.5, 0.5, 0.5, 0.5, 0.5, 1. ])] [array([0., 0., 0., 0., 1., 0.]), array([0., 0., 1., 0., 0., 0.]), array([0., 0., 0., 1., 0., 0.]), array([1., 0., 0., 0., 0., 0.]), array([0., 0., 0., 0., 1., 0.]), array([0., 0., 0., 0., 1., 0.]), array([0., 0., 0., 0., 1., 0.])] 2.0626787917625715 1.2467476620222424
The order of feature: 26 Prcp_max_III
[array([0.5, 0.5, 0.5, 0.5, 0.5, 0.5, 0.5, 0. , 0.5, 0. , 0.5])] [array([0., 0., 0., 0., 1., 0.])] 2.242358227338688 1.418286923286008
The order of feature: 27 Prcp_max_IV
[array([0.5, 1. , 0.5, 0.5, 0. , 0.5, 0.5, 0.5, 0.5, 0.5, 0.5]), array([0.5, 0.5, 0.5, 0.5, 0.5, 0.5, 0.5, 0. , 0.5, 0. , 0.5]), array([0.5, 0. , 0.5, 0.5, 0.5, 0.5, 0.5, 0. , 0.5, 0.5, 0.5])] [array([0., 0., 0., 1., 0., 0.]), array([0., 0., 0., 0., 1., 0.]), array([0., 0., 1., 0., 0., 0.])] 2.1796734337124417 1.2774117837079828
The order of feature: 28 Prcp_max_V
[] [] 2.24110412738122 1.7263154332936157
The order of feature: 29 Prcp_max_VI
[array([0.5, 1. , 0.5, 0.5, 0.5, 0.5, 0.5, 0.5, 0.5, 0.5, 1. ]), array([1. , 0.5, 0.5, 0.5, 0. , 0.5, 0.5, 0.5, 0.5, 0.5, 0.5])] [array([0., 1., 0., 0., 0., 0.]), array([0., 0., 0., 1., 0., 0.])] 2.1803329453811675 1.4286468120059908
The order of feature: 30 Prcp_max_VII
[] [] 2.2581604700064206 1.6668322585373796
The order of feature: 31 Prcp_max_VIII
[] [] 2.2842416017368876 1.5852100980801336
The order of feature: 32 Prcp_max_IX
[] [] 2.2702650736287473 1.674868635383745
The order of feature: 33 Prcp_max_X
[] [] 2.287990488206612 1.6122170953884172
The order of feature: 34 Prcp_max_XI
[] [] 2.2856421886903573 1.7119579559940952
The order of feature: 35 Prcp_max_XII
[array([0.5, 0.5, 0.5, 0.5, 0.5, 0.5, 0.5, 0. , 0.5, 0. , 0.5]), array([0.5, 0. , 0.5, 0.5, 0.5, 0.5, 0.5, 0. , 0.5, 0.5, 0.5]), array([0.5, 0. , 0.5, 0. , 0.5, 0.5, 0.5, 0.5, 0.5, 0.5, 0.5]), array([0.5, 0.5, 0.5, 0.5, 0. , 0.5, 0.5, 0.5, 0.5, 1. , 0.5]), array([0.5, 0.5, 0.5, 0.5, 0.5, 0.5, 0.5, 0.5, 1. , 0. , 0.5]), array([0. , 0.5, 0.5, 0.5, 0.5, 0.5, 0.5, 0.5, 0.5, 1. , 0.5]), array([0.5, 1. , 0.5, 0.5, 0.5, 0.5, 0. , 0.5, 0.5, 0.5, 0.5])] [array([0., 0., 0., 0., 1., 0.]), array([0., 0., 1., 0., 0., 0.]), array([0., 0., 0., 1., 0., 0.]), array([1., 0., 0., 0., 0., 0.]), array([0., 0., 0., 0., 1., 0.]), array([0., 0., 0., 0., 1., 0.]), array([0., 1., 0., 0., 0., 0.])] 2.094937084646146 1.229235353614789
The order of feature: 36 Rdays_I
[] [] 2.2662095188192963 1.7403842250185289
The order of feature: 37 Rdays_II
[] [] 2.290848315970913 1.6294367078849856
The order of feature: 39 Rdays_IV
[] [] 2.291262373969167 1.6019541100653918
The order of feature: 40 Rdays_V
[] [] 2.2911755614454736 1.5963428518223672
The order of feature: 41 Rdays_VI
[] [] 2.28740226565567 1.5872321755395555
The order of feature: 43 Rdays_VIII
[] [] 2.281964584130634 1.6658544384637626
The order of feature: 44 Rdays_IX
[array([0.5, 0.5, 0.5, 0.5, 0.5, 0.5, 0.5, 0. , 0.5, 0. , 0.5]), array([0.5, 0. , 0.5, 0.5, 0.5, 0.5, 0.5, 0. , 0.5, 0.5, 0.5]), array([0.5, 0. , 0.5, 0. , 0.5, 0.5, 0.5, 0.5, 0.5, 0.5, 0.5]), array([0.5, 0.5, 0.5, 0.5, 0. , 0.5, 0.5, 0.5, 0.5, 1. , 0.5]), array([0. , 0.5, 0.5, 0.5, 0.5, 0.5, 0.5, 0.5, 0.5, 1. , 0.5]), array([0.5, 0.5, 0.5, 0.5, 0.5, 0.5, 0.5, 0.5, 1. , 0. , 0.5])] [array([0., 0., 0., 0., 1., 0.]), array([0., 0., 1., 0., 0., 0.]), array([0., 0., 0., 1., 0., 0.]), array([0., 1., 0., 0., 0., 0.]), array([0., 0., 0., 0., 1., 0.]), array([0., 0., 0., 0., 1., 0.])] 2.1192598551459665 1.2778077238972896
The order of feature: 46 Rdays_XI
[] [] 2.291251479862959 1.6024701466490787
The order of feature: 47 Rdays_XII
[] [] 2.285265615868935 1.6588440696645186
The order of feature: 48 Tavg_I
[array([0.5, 0.5, 0. , 0.5, 0.5, 0.5, 0.5, 0.5, 0.5, 0.5, 1. ])] [array([0., 0., 1., 0., 0., 0.])] 2.2503114109039184 1.5668863977129954
The order of feature: 49 Tavg_II
[array([0.5, 1. , 0.5, 0.5, 0. , 0.5, 0.5, 0.5, 0.5, 0.5, 0.5]), array([0.5, 0.5, 0.5, 0.5, 0.5, 0.5, 0.5, 0. , 0.5, 0. , 0.5])] [array([0., 1., 0., 0., 0., 0.]), array([0., 0., 0., 0., 1., 0.])] 2.2174194913424614 1.4811127691096357
The order of feature: 50 Tavg_III
[] [] 2.2892490611300658 1.6792508053754986
The order of feature: 51 Tavg_IV
[array([0.5, 0.5, 0.5, 0.5, 0.5, 0.5, 0.5, 0. , 0.5, 0.5, 1. ])] [array([0., 0., 0., 0., 1., 0.])] 2.2231819480359496 1.6258237515095522
The order of feature: 52 Tavg_V
[array([0.5, 0.5, 0.5, 0.5, 0.5, 0.5, 0.5, 0. , 0.5, 0. , 0.5]), array([0.5, 0. , 0.5, 0.5, 0.5, 0.5, 0.5, 0. , 0.5, 0.5, 0.5]), array([0.5, 0. , 0.5, 0. , 0.5, 0.5, 0.5, 0.5, 0.5, 0.5, 0.5]), array([0.5, 0.5, 0.5, 0.5, 0. , 0.5, 0.5, 0.5, 0.5, 1. , 0.5]), array([0.5, 0.5, 0.5, 0.5, 0.5, 0.5, 0.5, 0.5, 1. , 0. , 0.5]), array([0. , 0.5, 0.5, 0.5, 0.5, 0.5, 0.5, 0.5, 0.5, 1. , 0.5])] [array([0., 0., 0., 0., 1., 0.]), array([0., 0., 1., 0., 0., 0.]), array([0., 0., 0., 1., 0., 0.]), array([1., 0., 0., 0., 0., 0.]), array([0., 0., 0., 0., 1., 0.]), array([0., 0., 0., 0., 1., 0.])] 2.1176315954787968 1.2780451085890245
The order of feature: 53 Tavg_VI
[array([0.5, 0.5, 0.5, 0.5, 0.5, 0.5, 0.5, 0. , 0.5, 0. , 0.5]), array([0.5, 0. , 0.5, 0.5, 0.5, 0.5, 0.5, 0. , 0.5, 0.5, 0.5]), array([0.5, 0. , 0.5, 0. , 0.5, 0.5, 0.5, 0.5, 0.5, 0.5, 0.5]), array([0.5, 0.5, 0.5, 0.5, 0. , 0.5, 0.5, 0.5, 0.5, 1. , 0.5]), array([0.5, 0.5, 0.5, 0.5, 0.5, 0.5, 0.5, 0.5, 1. , 0. , 0.5]), array([0.5, 0.5, 0.5, 0.5, 0.5, 0.5, 0.5, 0.5, 0.5, 0. , 1. ])] [array([0., 0., 0., 0., 1., 0.]), array([0., 0., 1., 0., 0., 0.]), array([0., 0., 0., 1., 0., 0.]), array([1., 0., 0., 0., 0., 0.]), array([0., 0., 0., 0., 1., 0.]), array([0., 0., 0., 0., 1., 0.])] 2.1147300644870457 1.2856894854900631
The order of feature: 54 Tavg_VII
[array([0.5, 0.5, 0.5, 0.5, 0.5, 0.5, 0.5, 0. , 0.5, 0. , 0.5]), array([0.5, 0. , 0.5, 0.5, 0.5, 0.5, 0.5, 0. , 0.5, 0.5, 0.5]), array([0.5, 0. , 0.5, 0. , 0.5, 0.5, 0.5, 0.5, 0.5, 0.5, 0.5]), array([0.5, 0.5, 0.5, 0.5, 0. , 0.5, 0.5, 0.5, 0.5, 1. , 0.5])] [array([0., 0., 0., 0., 1., 0.]), array([0., 0., 1., 0., 0., 0.]), array([0., 0., 0., 1., 0., 0.]), array([1., 0., 0., 0., 0., 0.])] 2.1641006298288596 1.2945783463146503
The order of feature: 55 Tavg_VIII
[array([0.5, 0.5, 0.5, 0.5, 0.5, 0.5, 0.5, 0. , 0.5, 0. , 0.5]), array([0.5, 0. , 0.5, 0.5, 0.5, 0.5, 0.5, 0. , 0.5, 0.5, 0.5]), array([0.5, 0. , 0.5, 0. , 0.5, 0.5, 0.5, 0.5, 0.5, 0.5, 0.5]), array([0.5, 0.5, 0.5, 0.5, 0. , 0.5, 0.5, 0.5, 0.5, 1. , 0.5]), array([0. , 0.5, 0.5, 0.5, 0.5, 0.5, 0.5, 0.5, 0.5, 1. , 0.5]), array([0.5, 0.5, 0.5, 0.5, 0.5, 0.5, 0.5, 0.5, 1. , 0. , 0.5]), array([0.5, 0.5, 0.5, 0.5, 0.5, 0.5, 0.5, 1. , 0.5, 1. , 0.5])] [array([0., 0., 0., 0., 1., 0.]), array([0., 0., 1., 0., 0., 0.]), array([0., 0., 0., 1., 0., 0.]), array([0., 1., 0., 0., 0., 0.]), array([0., 0., 0., 0., 1., 0.]), array([0., 0., 0., 0., 1., 0.]), array([0., 0., 0., 1., 0., 0.])] 2.093349300691075 1.278759045143728
The order of feature: 56 Tavg_IX
[array([0.5, 0.5, 0.5, 0.5, 0.5, 0.5, 0.5, 0. , 0.5, 0. , 0.5]), array([0.5, 0. , 0.5, 0.5, 0.5, 0.5, 0.5, 0. , 0.5, 0.5, 0.5]), array([0.5, 0. , 0.5, 0. , 0.5, 0.5, 0.5, 0.5, 0.5, 0.5, 0.5]), array([0.5, 0.5, 0.5, 0.5, 0. , 0.5, 0.5, 0.5, 0.5, 1. , 0.5])] [array([0., 0., 0., 0., 1., 0.]), array([0., 0., 1., 0., 0., 0.]), array([0., 0., 0., 1., 0., 0.]), array([0., 1., 0., 0., 0., 0.])] 2.160417591809924 1.3179914670600648
The order of feature: 57 Tavg_X
[] [] 2.2853015419520792 1.6017726957372174
The order of feature: 58 Tavg_XI
[array([0.5, 0. , 0.5, 0.5, 0.5, 0.5, 0.5, 0.5, 0.5, 0.5, 0. ]), array([0.5, 0.5, 0.5, 0.5, 0.5, 0.5, 0.5, 0. , 0.5, 0. , 0.5])] [array([0., 1., 0., 0., 0., 0.]), array([0., 0., 0., 0., 1., 0.])] 2.1984474277356405 1.3308794970921054
The order of feature: 59 Tavg_XII
[array([0.5, 0. , 0.5, 0.5, 0.5, 0.5, 0.5, 0.5, 0.5, 0.5, 0. ])] [array([0., 1., 0., 0., 0., 0.])] 2.242808648585743 1.477830568739499
The order of feature: 60 Tmax_avg_I
[] [] 2.2835566900856468 1.5451699942848134
The order of feature: 61 Tmax_avg_II
[array([0.5, 1. , 0.5, 0.5, 0. , 0.5, 0.5, 0.5, 0.5, 0.5, 0.5])] [array([0., 0., 0., 1., 0., 0.])] 2.2317732502628664 1.6160421170851835
The order of feature: 62 Tmax_avg_III
[] [] 2.2877657398034614 1.5558969095219333
The order of feature: 63 Tmax_avg_IV
[] [] 2.28884776164293 1.618078604295989
The order of feature: 64 Tmax_avg_V
[array([0.5, 0.5, 0.5, 0.5, 0.5, 0.5, 0.5, 0. , 0.5, 0. , 0.5]), array([0.5, 0. , 0.5, 0.5, 0.5, 0.5, 0.5, 0. , 0.5, 0.5, 0.5]), array([0.5, 0. , 0.5, 0. , 0.5, 0.5, 0.5, 0.5, 0.5, 0.5, 0.5]), array([0.5, 0.5, 0.5, 0.5, 0. , 0.5, 0.5, 0.5, 0.5, 1. , 0.5]), array([0.5, 0.5, 0.5, 0.5, 0.5, 0.5, 0.5, 0.5, 1. , 0. , 0.5])] [array([0., 0., 0., 0., 1., 0.]), array([0., 0., 1., 0., 0., 0.]), array([0., 0., 0., 1., 0., 0.]), array([1., 0., 0., 0., 0., 0.]), array([0., 0., 0., 0., 1., 0.])] 2.139587251319955 1.2883462629846762
The order of feature: 65 Tmax_avg_VI
[array([0.5, 0.5, 0.5, 0.5, 0.5, 0.5, 0.5, 0. , 0.5, 0. , 0.5]), array([0.5, 0. , 0.5, 0.5, 0.5, 0.5, 0.5, 0. , 0.5, 0.5, 0.5]), array([0.5, 0. , 0.5, 0. , 0.5, 0.5, 0.5, 0.5, 0.5, 0.5, 0.5]), array([0.5, 0.5, 0.5, 0.5, 0. , 0.5, 0.5, 0.5, 0.5, 1. , 0.5]), array([0.5, 0.5, 0.5, 0.5, 0.5, 0.5, 0.5, 0.5, 1. , 0. , 0.5]), array([0. , 0.5, 0.5, 0.5, 0.5, 0.5, 0.5, 0.5, 0.5, 1. , 0.5])] [array([0., 0., 0., 0., 1., 0.]), array([0., 0., 1., 0., 0., 0.]), array([0., 0., 0., 1., 0., 0.]), array([1., 0., 0., 0., 0., 0.]), array([0., 0., 0., 0., 1., 0.]), array([0., 0., 0., 0., 1., 0.])] 2.1177020202641343 1.280963898656405
The order of feature: 66 Tmax_avg_VII
[array([0.5, 0.5, 0.5, 0.5, 0.5, 0.5, 0.5, 0. , 0.5, 0. , 0.5]), array([0.5, 0. , 0.5, 0.5, 0.5, 0.5, 0.5, 0. , 0.5, 0.5, 0.5])] [array([0., 0., 0., 0., 1., 0.]), array([0., 0., 1., 0., 0., 0.])] 2.2160701241815906 1.3928819041440896
The order of feature: 67 Tmax_avg_VIII
[array([0.5, 0.5, 0.5, 0.5, 0.5, 0.5, 0.5, 0. , 0.5, 0. , 0.5])] [array([0., 0., 0., 0., 1., 0.])] 2.2324537352509504 1.5688167926239798
The order of feature: 69 Tmax_avg_X
[] [] 2.287676467392391 1.5429075811002206
The order of feature: 70 Tmax_avg_XI
[array([0.5, 0.5, 0.5, 0.5, 0.5, 0.5, 0.5, 0. , 0.5, 0. , 0.5]), array([0.5, 0. , 0.5, 0.5, 0.5, 0.5, 0.5, 0. , 0.5, 0.5, 0.5])] [array([0., 0., 0., 0., 1., 0.]), array([0., 0., 1., 0., 0., 0.])] 2.200863150629152 1.3620855850918134
The order of feature: 71 Tmax_avg_XII
[array([0.5, 0. , 0.5, 0.5, 0.5, 0.5, 0.5, 0.5, 0.5, 0.5, 0. ])] [array([0., 0., 0., 0., 1., 0.])] 2.183070539660444 1.601657238990719
The order of feature: 72 Tmin_avg_I
[] [] 2.275741081660159 1.52249259025909
The order of feature: 73 Tmin_avg_II
[array([0.5, 1. , 0.5, 0.5, 0. , 0.5, 0.5, 0.5, 0.5, 0.5, 0.5]), array([0.5, 0.5, 0.5, 0.5, 0.5, 0.5, 0.5, 0. , 0.5, 0. , 0.5]), array([0. , 0.5, 0.5, 0.5, 0.5, 0.5, 0.5, 0.5, 1. , 0.5, 0.5])] [array([0., 0., 0., 1., 0., 0.]), array([0., 0., 0., 0., 1., 0.]), array([0., 0., 0., 0., 1., 0.])] 2.1644468127193126 1.479034681897529
The order of feature: 74 Tmin_avg_III
[] [] 2.2812747835826843 1.5655731752996385
The order of feature: 75 Tmin_avg_IV
[] [] 2.2786177412415167 1.5781995483498992
The order of feature: 76 Tmin_avg_V
[] [] 2.2824668720747896 1.6013587427903235
The order of feature: 77 Tmin_avg_VI
[] [] 2.2748105890886294 1.598236424416551
The order of feature: 78 Tmin_avg_VII
[array([0.5, 0.5, 0.5, 0.5, 0.5, 0.5, 0.5, 0.5, 0.5, 0. , 1. ])] [array([0., 0., 0., 0., 1., 0.])] 2.2368916870863473 1.4874586888189427
The order of feature: 79 Tmin_avg_VIII
[] [] 2.2513826377197477 1.6291388843185828
The order of feature: 80 Tmin_avg_IX
[array([0.5, 0.5, 0.5, 0.5, 0.5, 0.5, 0.5, 0.5, 0.5, 1. , 1. ]), array([0.5, 1. , 0.5, 0.5, 0.5, 0.5, 0.5, 0.5, 0.5, 1. , 0.5]), array([0.5, 0.5, 0.5, 0. , 0.5, 1. , 0.5, 0.5, 0.5, 0.5, 0.5])] [array([0., 1., 0., 0., 0., 0.]), array([0., 0., 1., 0., 0., 0.]), array([0., 0., 1., 0., 0., 0.])] 2.1787270624064976 1.3825581297267198
The order of feature: 81 Tmin_avg_X
[] [] 2.290851734420698 1.6060931651776107
The order of feature: 82 Tmin_avg_XI
[array([0.5, 0.5, 0.5, 0.5, 0.5, 0.5, 0.5, 0. , 0.5, 0. , 0.5]), array([0.5, 0. , 0.5, 0.5, 0.5, 0.5, 0.5, 0. , 0.5, 0.5, 0.5]), array([0.5, 0.5, 0.5, 0. , 0.5, 0.5, 0.5, 0.5, 0.5, 0.5, 0. ])] [array([0., 0., 0., 0., 1., 0.]), array([0., 0., 1., 0., 0., 0.]), array([0., 0., 1., 0., 0., 0.])] 2.184328566097362 1.3305550769420191
The order of feature: 83 Tmin_avg_XII
[array([0.5, 0.5, 0.5, 0.5, 0.5, 0.5, 0.5, 0. , 0.5, 0. , 0.5]), array([0.5, 0. , 0.5, 0.5, 0.5, 0.5, 0.5, 0. , 0.5, 0.5, 0.5])] [array([0., 0., 0., 0., 1., 0.]), array([0., 0., 1., 0., 0., 0.])] 2.2065858781671404 1.4169053257175672
The order of feature: 84 Tmax_I
[] [] 2.2843192088427973 1.6253213523050734
The order of feature: 85 Tmax_II
[array([0.5, 0.5, 0.5, 0.5, 0.5, 0.5, 0.5, 0. , 0.5, 0. , 0.5]), array([0.5, 0. , 0.5, 0.5, 0.5, 0.5, 0.5, 0. , 0.5, 0.5, 0.5]), array([0.5, 0.5, 0.5, 0.5, 0.5, 0.5, 0.5, 0.5, 0.5, 0.5, 1. ]), array([0.5, 0.5, 0.5, 0.5, 0. , 0.5, 0.5, 0.5, 0.5, 1. , 0.5])] [array([0., 0., 0., 0., 1., 0.]), array([0., 0., 1., 0., 0., 0.]), array([0., 0., 0., 1., 0., 0.]), array([1., 0., 0., 0., 0., 0.])] 2.1599389780801794 1.2730124859356664
The order of feature: 86 Tmax_III
[array([0.5, 0.5, 0.5, 0.5, 0.5, 0.5, 0.5, 0. , 0.5, 0. , 0.5]), array([0.5, 0. , 0.5, 0.5, 0.5, 0.5, 0.5, 0. , 0.5, 0.5, 0.5]), array([0.5, 0. , 0.5, 0. , 0.5, 0.5, 0.5, 0.5, 0.5, 0.5, 0.5]), array([0.5, 0.5, 0.5, 0.5, 0. , 0.5, 0.5, 0.5, 0.5, 1. , 0.5]), array([0.5, 0.5, 0.5, 0.5, 0.5, 0.5, 0.5, 0.5, 1. , 0. , 0.5]), array([0. , 0.5, 0.5, 0.5, 0.5, 0.5, 0.5, 0.5, 0.5, 1. , 0.5])] [array([0., 0., 0., 0., 1., 0.]), array([0., 0., 1., 0., 0., 0.]), array([0., 0., 0., 1., 0., 0.]), array([1., 0., 0., 0., 0., 0.]), array([0., 0., 0., 0., 1., 0.]), array([0., 0., 0., 0., 1., 0.])] 2.1112513510211155 1.3052157063232064
The order of feature: 87 Tmax_IV
[] [] 2.28549735223422 1.6383137897345907
The order of feature: 88 Tmax_V
[array([0.5, 0.5, 0.5, 0.5, 0.5, 0.5, 0.5, 0. , 0.5, 0. , 0.5]), array([0.5, 0. , 0.5, 0.5, 0.5, 0.5, 0.5, 0. , 0.5, 0.5, 0.5]), array([0.5, 0. , 0.5, 0. , 0.5, 0.5, 0.5, 0.5, 0.5, 0.5, 0.5]), array([0.5, 0.5, 0.5, 0.5, 0. , 0.5, 0.5, 0.5, 0.5, 1. , 0.5]), array([0.5, 0.5, 0.5, 0.5, 0.5, 0.5, 0.5, 0.5, 1. , 0. , 0.5]), array([0. , 0.5, 0.5, 0.5, 0.5, 0.5, 0.5, 0.5, 0.5, 1. , 0.5])] [array([0., 0., 0., 0., 1., 0.]), array([0., 0., 1., 0., 0., 0.]), array([0., 0., 0., 1., 0., 0.]), array([1., 0., 0., 0., 0., 0.]), array([0., 0., 0., 0., 1., 0.]), array([0., 0., 0., 0., 1., 0.])] 2.117675722222053 1.2762217245098015
The order of feature: 89 Tmax_VI
[array([0.5, 0.5, 0.5, 0.5, 0.5, 0.5, 0.5, 0. , 0.5, 0. , 0.5]), array([0.5, 0. , 0.5, 0.5, 0.5, 0.5, 0.5, 0. , 0.5, 0.5, 0.5]), array([0.5, 0. , 0.5, 0. , 0.5, 0.5, 0.5, 0.5, 0.5, 0.5, 0.5]), array([0.5, 0.5, 0.5, 0.5, 0. , 0.5, 0.5, 0.5, 0.5, 1. , 0.5]), array([0.5, 0.5, 0.5, 0.5, 0.5, 0.5, 0.5, 0.5, 1. , 0. , 0.5])] [array([0., 0., 0., 0., 1., 0.]), array([0., 0., 1., 0., 0., 0.]), array([0., 0., 0., 1., 0., 0.]), array([1., 0., 0., 0., 0., 0.]), array([0., 0., 0., 0., 1., 0.])] 2.139847332114298 1.2844838763677797
The order of feature: 90 Tmax_VII
[array([0.5, 0.5, 0.5, 0.5, 0.5, 0.5, 0.5, 0. , 0.5, 0. , 0.5]), array([0.5, 0. , 0.5, 0.5, 0.5, 0.5, 0.5, 0. , 0.5, 0.5, 0.5]), array([0.5, 0. , 0.5, 0. , 0.5, 0.5, 0.5, 0.5, 0.5, 0.5, 0.5]), array([0.5, 0.5, 0.5, 0.5, 0. , 0.5, 0.5, 0.5, 0.5, 1. , 0.5]), array([0.5, 0.5, 0.5, 0.5, 0.5, 0.5, 0.5, 0.5, 1. , 0. , 0.5]), array([0. , 0.5, 0.5, 0.5, 0.5, 0.5, 0.5, 0.5, 0.5, 1. , 0.5])] [array([0., 0., 0., 0., 1., 0.]), array([0., 0., 1., 0., 0., 0.]), array([0., 0., 0., 1., 0., 0.]), array([1., 0., 0., 0., 0., 0.]), array([0., 0., 0., 0., 1., 0.]), array([0., 0., 0., 0., 1., 0.])] 2.116465727838881 1.2894167149911366
The order of feature: 91 Tmax_VIII
[array([0.5, 0.5, 0.5, 0.5, 0.5, 0.5, 0.5, 0. , 0.5, 0. , 0.5]), array([0.5, 0. , 0.5, 0.5, 0.5, 0.5, 0.5, 0. , 0.5, 0.5, 0.5]), array([0.5, 0.5, 0.5, 0.5, 0.5, 1. , 0.5, 0.5, 0.5, 1. , 0.5])] [array([0., 0., 0., 0., 1., 0.]), array([0., 0., 1., 0., 0., 0.]), array([0., 0., 0., 1., 0., 0.])] 2.1823442733697473 1.3240979945424955
The order of feature: 92 Tmax_IX
[] [] 2.2894076796060694 1.5675973931645732
The order of feature: 93 Tmax_X
[] [] 2.2840737894676746 1.5527396140385807
The order of feature: 94 Tmax_XI
[array([0.5, 0. , 0.5, 0.5, 0.5, 0.5, 0.5, 0.5, 0.5, 0.5, 0. ]), array([0.5, 0. , 0.5, 0.5, 0.5, 1. , 0.5, 0.5, 0.5, 0.5, 0.5])] [array([0., 0., 1., 0., 0., 0.]), array([0., 0., 0., 1., 0., 0.])] 2.163230266481017 1.5273854794188733
The order of feature: 95 Tmax_XII
[array([0.5, 1. , 0.5, 0.5, 0.5, 0.5, 0. , 0.5, 0.5, 0.5, 0.5]), array([0.5, 0.5, 0.5, 0.5, 0.5, 0.5, 0.5, 0. , 0.5, 0. , 0.5])] [array([0., 1., 0., 0., 0., 0.]), array([0., 0., 0., 0., 1., 0.])] 2.2173473284575063 1.436703792968056
The order of feature: 96 Tmin_I
[] [] 2.2702093906321434 1.6064270350093748
The order of feature: 98 Tmin_III
[array([0.5, 0.5, 0.5, 0.5, 0.5, 0.5, 0.5, 0. , 0.5, 0. , 0.5]), array([0.5, 0.5, 0.5, 0.5, 1. , 0.5, 0.5, 1. , 0.5, 0.5, 0.5]), array([0.5, 0. , 1. , 0.5, 0.5, 0.5, 0.5, 0.5, 0.5, 0.5, 0.5]), array([0.5, 0. , 0.5, 0.5, 0.5, 0.5, 0.5, 0.5, 0.5, 0.5, 0. ])] [array([0., 0., 0., 0., 1., 0.]), array([0., 1., 0., 0., 0., 0.]), array([0., 0., 0., 0., 1., 0.]), array([0., 0., 1., 0., 0., 0.])] 2.1389993235498257 1.5665968023574657
The order of feature: 99 Tmin_IV
[] [] 2.28878563544587 1.6127255410480135
The order of feature: 100 Tmin_V
[array([0.5, 0.5, 0.5, 0.5, 0.5, 0.5, 0.5, 0. , 0.5, 0. , 0.5]), array([0.5, 0. , 0.5, 0.5, 0.5, 0.5, 0.5, 0. , 0.5, 0.5, 0.5]), array([0.5, 0. , 0.5, 0. , 0.5, 0.5, 0.5, 0.5, 0.5, 0.5, 0.5]), array([0.5, 0.5, 0.5, 0.5, 0. , 0.5, 0.5, 0.5, 0.5, 1. , 0.5]), array([0.5, 0.5, 0.5, 0.5, 0.5, 0.5, 0.5, 0.5, 1. , 0. , 0.5]), array([0. , 0.5, 0.5, 0.5, 0.5, 0.5, 0.5, 0.5, 0.5, 1. , 0.5])] [array([0., 0., 0., 0., 1., 0.]), array([0., 0., 1., 0., 0., 0.]), array([0., 0., 0., 1., 0., 0.]), array([1., 0., 0., 0., 0., 0.]), array([0., 0., 0., 0., 1., 0.]), array([0., 0., 0., 0., 1., 0.])] 2.1174735207550204 1.2829097209055
The order of feature: 101 Tmin_VI
[array([0.5, 0.5, 0.5, 0.5, 0.5, 0.5, 0.5, 0. , 0.5, 0. , 0.5]), array([0.5, 0. , 0.5, 0.5, 0.5, 0.5, 0.5, 0. , 0.5, 0.5, 0.5]), array([0.5, 0. , 0.5, 0. , 0.5, 0.5, 0.5, 0.5, 0.5, 0.5, 0.5]), array([0.5, 0.5, 0.5, 0.5, 0. , 0.5, 0.5, 0.5, 0.5, 1. , 0.5]), array([0. , 0.5, 0.5, 0.5, 0.5, 0.5, 0.5, 0.5, 0.5, 1. , 0.5]), array([0.5, 0.5, 0.5, 0.5, 0.5, 0.5, 0.5, 0.5, 1. , 0. , 0.5])] [array([0., 0., 0., 0., 1., 0.]), array([0., 0., 1., 0., 0., 0.]), array([0., 0., 0., 1., 0., 0.]), array([0., 1., 0., 0., 0., 0.]), array([0., 0., 0., 0., 1., 0.]), array([0., 0., 0., 0., 1., 0.])] 2.1189273152276944 1.2990448484529538
The order of feature: 102 Tmin_VII
[array([0.5, 0.5, 0.5, 0.5, 0.5, 0.5, 0.5, 0. , 0.5, 0. , 0.5]), array([0.5, 0. , 0.5, 0.5, 0.5, 0.5, 0.5, 0. , 0.5, 0.5, 0.5]), array([0.5, 0. , 0.5, 0. , 0.5, 0.5, 0.5, 0.5, 0.5, 0.5, 0.5])] [array([0., 0., 0., 0., 1., 0.]), array([0., 0., 1., 0., 0., 0.]), array([0., 0., 0., 1., 0., 0.])] 2.184643516599951 1.3697418616348411
The order of feature: 103 Tmin_VIII
[array([0.5, 0. , 0.5, 0.5, 0.5, 0.5, 0.5, 0.5, 0.5, 0.5, 1. ])] [array([0., 0., 1., 0., 0., 0.])] 2.250439471634734 1.5658533438938893
The order of feature: 104 Tmin_IX
[] [] 2.2758854249294025 1.4956156669328784
The order of feature: 105 Tmin_X
[array([0.5, 0.5, 0.5, 0.5, 0.5, 0.5, 0.5, 0. , 0.5, 0. , 0.5]), array([0.5, 0. , 0.5, 0.5, 0.5, 0.5, 0.5, 0. , 0.5, 0.5, 0.5]), array([0.5, 0. , 0.5, 0. , 0.5, 0.5, 0.5, 0.5, 0.5, 0.5, 0.5]), array([0.5, 0.5, 0.5, 0.5, 0. , 0.5, 0.5, 0.5, 0.5, 1. , 0.5]), array([0.5, 0.5, 0.5, 0.5, 0.5, 0.5, 0.5, 0.5, 0.5, 0. , 1. ]), array([0. , 0.5, 0.5, 0.5, 0.5, 0.5, 0.5, 0.5, 0.5, 1. , 0.5]), array([0.5, 0. , 0.5, 0.5, 0.5, 0.5, 0.5, 0. , 0.5, 0.5, 0.5])] [array([0., 0., 0., 0., 1., 0.]), array([0., 0., 1., 0., 0., 0.]), array([0., 0., 0., 1., 0., 0.]), array([1., 0., 0., 0., 0., 0.]), array([1., 0., 0., 0., 0., 0.]), array([0., 0., 0., 1., 0., 0.]), array([0., 1., 0., 0., 0., 0.])] 2.023216668118806 1.304568375738435
The order of feature: 106 Tmin_XI
[array([0.5, 0.5, 1. , 0.5, 0.5, 0.5, 0.5, 0.5, 0.5, 0.5, 1. ])] [array([0., 0., 0., 0., 1., 0.])] 2.2582704246790333 1.596028722226854
The order of feature: 107 Tmin_XII
[array([0.5, 0. , 0.5, 0.5, 0.5, 0.5, 0.5, 0.5, 0.5, 0.5, 1. ])] [array([0., 0., 1., 0., 0., 0.])] 2.2582768644363256 1.4120408635266612
The order of feature: 108 Havg_I
[array([0.5, 0.5, 0.5, 0.5, 0.5, 0.5, 0.5, 0. , 0.5, 0. , 0.5]), array([0.5, 0. , 0.5, 0.5, 0.5, 0.5, 0.5, 0. , 0.5, 0.5, 0.5])] [array([0., 0., 0., 0., 1., 0.]), array([0., 0., 1., 0., 0., 0.])] 2.2022732109355836 1.4311224733832943
The order of feature: 109 Havg_II
[array([0.5, 1. , 0.5, 0.5, 0. , 0.5, 0.5, 0.5, 0.5, 0.5, 0.5])] [array([0., 1., 0., 0., 0., 0.])] 2.2349598640080197 1.51440080057706
The order of feature: 110 Havg_III
[] [] 2.290833144588901 1.582475222672895
The order of feature: 111 Havg_IV
[] [] 2.2829275369460533 1.5261603767142562
The order of feature: 112 Havg_V
[array([0.5, 0.5, 0.5, 0.5, 0.5, 0.5, 0.5, 0. , 0.5, 0. , 0.5]), array([0.5, 0. , 0.5, 0.5, 0.5, 0.5, 0.5, 0. , 0.5, 0.5, 0.5])] [array([0., 0., 0., 0., 1., 0.]), array([0., 0., 1., 0., 0., 0.])] 2.2182722546601794 1.4011547438958905
The order of feature: 113 Havg_VI
[array([0.5, 0.5, 0.5, 0.5, 0.5, 0.5, 0.5, 0. , 0.5, 0. , 0.5]), array([0.5, 0. , 0.5, 0.5, 0.5, 0.5, 0.5, 0. , 0.5, 0.5, 0.5]), array([0.5, 0. , 0.5, 0. , 0.5, 0.5, 0.5, 0.5, 0.5, 0.5, 0.5]), array([0.5, 0.5, 0.5, 0.5, 0. , 0.5, 0.5, 0.5, 0.5, 1. , 0.5])] [array([0., 0., 0., 0., 1., 0.]), array([0., 0., 1., 0., 0., 0.]), array([0., 0., 0., 1., 0., 0.]), array([0., 1., 0., 0., 0., 0.])] 2.1600632853370967 1.3234613150076326
The order of feature: 114 Havg_VII
[] [] 2.279370771894655 1.6364909026751189
The order of feature: 115 Havg_VIII
[] [] 2.2905990431148777 1.6159654023809764
The order of feature: 116 Havg_IX
[array([0.5, 0.5, 0.5, 0.5, 0.5, 0.5, 0.5, 0. , 0.5, 0. , 0.5]), array([0.5, 0. , 0.5, 0.5, 0.5, 0.5, 0.5, 0. , 0.5, 0.5, 0.5]), array([0.5, 0.5, 0.5, 0.5, 0.5, 0.5, 0.5, 0.5, 0.5, 0.5, 0. ])] [array([0., 0., 0., 0., 1., 0.]), array([0., 0., 1., 0., 0., 0.]), array([0., 0., 0., 1., 0., 0.])] 2.176665528450606 1.563320757254368
The order of feature: 117 Havg_X
[array([0.5, 0.5, 0.5, 0.5, 0.5, 0.5, 0.5, 0. , 0.5, 0. , 0.5]), array([0.5, 0. , 0.5, 0.5, 0.5, 0.5, 0.5, 0. , 0.5, 0.5, 0.5]), array([0.5, 0. , 0.5, 0. , 0.5, 0.5, 0.5, 0.5, 0.5, 0.5, 0.5]), array([0.5, 0.5, 0.5, 0.5, 0. , 0.5, 0.5, 0.5, 0.5, 1. , 0.5]), array([0. , 0.5, 0.5, 0.5, 0.5, 0.5, 0.5, 0.5, 0.5, 1. , 0.5])] [array([0., 0., 0., 0., 1., 0.]), array([0., 0., 1., 0., 0., 0.]), array([0., 0., 0., 1., 0., 0.]), array([0., 1., 0., 0., 0., 0.]), array([0., 0., 0., 0., 1., 0.])] 2.1419604373403236 1.2711643446983822
The order of feature: 118 Havg_XI
[array([0.5, 0.5, 0.5, 0.5, 0.5, 0.5, 0.5, 0. , 0.5, 0. , 0.5]), array([0.5, 0. , 0.5, 0.5, 0.5, 0.5, 0.5, 0. , 0.5, 0.5, 0.5]), array([0.5, 0. , 0.5, 0. , 0.5, 0.5, 0.5, 0.5, 0.5, 0.5, 0.5]), array([0.5, 0.5, 0.5, 0.5, 0. , 0.5, 0.5, 0.5, 0.5, 1. , 0.5]), array([0.5, 0.5, 0.5, 0.5, 0.5, 0.5, 0.5, 0.5, 1. , 0. , 0.5]), array([0. , 0.5, 0.5, 0.5, 0.5, 0.5, 0.5, 0.5, 0.5, 1. , 0.5]), array([0.5, 0.5, 0.5, 0.5, 0.5, 0.5, 0.5, 0.5, 0.5, 0. , 0. ])] [array([0., 0., 0., 0., 1., 0.]), array([0., 0., 1., 0., 0., 0.]), array([0., 0., 0., 1., 0., 0.]), array([1., 0., 0., 0., 0., 0.]), array([0., 0., 0., 0., 1., 0.]), array([0., 0., 0., 0., 1., 0.]), array([0., 0., 0., 0., 1., 0.])] 2.086665998102496 1.254400539849771
The order of feature: 119 Havg_XII
[] [] 2.291105960490929 1.6044704618860062
The order of feature: 120 Hmin_I
[array([0.5, 0.5, 0.5, 0.5, 0.5, 0.5, 0.5, 0. , 0.5, 0. , 0.5]), array([0.5, 0. , 0.5, 0.5, 0.5, 0.5, 0.5, 0. , 0.5, 0.5, 0.5]), array([0.5, 0. , 0.5, 0. , 0.5, 0.5, 0.5, 0.5, 0.5, 0.5, 0.5]), array([0.5, 0.5, 0.5, 0.5, 0. , 0.5, 0.5, 0.5, 0.5, 1. , 0.5]), array([0. , 0.5, 0.5, 0.5, 0.5, 0.5, 0.5, 0.5, 0.5, 1. , 0.5])] [array([0., 0., 0., 0., 1., 0.]), array([0., 0., 1., 0., 0., 0.]), array([0., 0., 0., 1., 0., 0.]), array([0., 1., 0., 0., 0., 0.]), array([0., 0., 0., 0., 1., 0.])] 2.1409233285467217 1.2889886570719857
The order of feature: 121 Hmin_II
[] [] 2.2870314361523323 1.622716833858729
The order of feature: 122 Hmin_III
[array([0.5, 0.5, 0.5, 0.5, 0.5, 0.5, 0.5, 0. , 0.5, 0. , 0.5]), array([0.5, 0. , 0.5, 0.5, 0.5, 0.5, 0.5, 0. , 0.5, 0.5, 0.5]), array([0.5, 0. , 0.5, 0. , 0.5, 0.5, 0.5, 0.5, 0.5, 0.5, 0.5]), array([0.5, 0.5, 0.5, 0.5, 0. , 0.5, 0.5, 0.5, 0.5, 1. , 0.5]), array([0. , 0.5, 0.5, 0.5, 0.5, 0.5, 0.5, 0.5, 0.5, 1. , 0.5])] [array([0., 0., 0., 0., 1., 0.]), array([0., 0., 1., 0., 0., 0.]), array([0., 0., 0., 1., 0., 0.]), array([0., 1., 0., 0., 0., 0.]), array([0., 0., 0., 0., 1., 0.])] 2.1419535656801942 1.2758870883888733
The order of feature: 123 Hmin_IV
[array([0.5, 0.5, 0.5, 0.5, 0.5, 0.5, 0.5, 0. , 0.5, 0. , 0.5]), array([0.5, 0. , 0.5, 0.5, 0.5, 0.5, 0.5, 0. , 0.5, 0.5, 0.5]), array([0.5, 0. , 0.5, 0. , 0.5, 0.5, 0.5, 0.5, 0.5, 0.5, 0.5]), array([0.5, 0.5, 0.5, 0.5, 0. , 0.5, 0.5, 0.5, 0.5, 1. , 0.5]), array([0.5, 0.5, 0.5, 0.5, 0.5, 0.5, 0.5, 0.5, 1. , 0. , 0.5]), array([0. , 0.5, 0.5, 0.5, 0.5, 0.5, 0.5, 0.5, 0.5, 1. , 0.5])] [array([0., 0., 0., 0., 1., 0.]), array([0., 0., 1., 0., 0., 0.]), array([0., 0., 0., 1., 0., 0.]), array([1., 0., 0., 0., 0., 0.]), array([0., 0., 0., 0., 1., 0.]), array([0., 0., 0., 0., 1., 0.])] 2.116528163175426 1.2774927985801212
The order of feature: 124 Hmin_V
[array([0.5, 0.5, 0.5, 0.5, 0.5, 0.5, 0.5, 0. , 0.5, 0. , 0.5]), array([0.5, 0. , 0.5, 0.5, 0.5, 0.5, 0.5, 0. , 0.5, 0.5, 0.5])] [array([0., 0., 0., 0., 1., 0.]), array([0., 0., 1., 0., 0., 0.])] 2.2200746755225755 1.408372787631959
The order of feature: 125 Hmin_VI
[array([0.5, 0.5, 0.5, 0.5, 0.5, 0.5, 0.5, 0. , 0.5, 0. , 0.5]), array([0.5, 0. , 0.5, 0.5, 0.5, 0.5, 0.5, 0. , 0.5, 0.5, 0.5]), array([0.5, 0. , 0.5, 0. , 0.5, 0.5, 0.5, 0.5, 0.5, 0.5, 0.5]), array([0.5, 0.5, 0.5, 0.5, 0. , 0.5, 0.5, 0.5, 0.5, 1. , 0.5]), array([0. , 0.5, 0.5, 0.5, 0.5, 0.5, 0.5, 0.5, 0.5, 1. , 0.5]), array([0.5, 0.5, 0.5, 0.5, 0.5, 0.5, 0.5, 0.5, 0.5, 0. , 1. ])] [array([0., 0., 0., 0., 1., 0.]), array([0., 0., 1., 0., 0., 0.]), array([0., 0., 0., 1., 0., 0.]), array([0., 1., 0., 0., 0., 0.]), array([0., 0., 0., 0., 1., 0.]), array([0., 0., 0., 0., 1., 0.])] 2.1156870884107124 1.2702306762650164
The order of feature: 126 Hmin_VII
[array([0.5, 0.5, 0.5, 0.5, 0.5, 0.5, 0.5, 0. , 0.5, 0. , 0.5]), array([0.5, 0. , 0.5, 0.5, 0.5, 0.5, 0.5, 0. , 0.5, 0.5, 0.5]), array([0.5, 0. , 0.5, 0. , 0.5, 0.5, 0.5, 0.5, 0.5, 0.5, 0.5]), array([0.5, 0.5, 0.5, 0.5, 0. , 0.5, 0.5, 0.5, 0.5, 1. , 0.5]), array([0.5, 0.5, 0.5, 0.5, 0.5, 0.5, 0.5, 0.5, 1. , 0. , 0.5]), array([0. , 0.5, 0.5, 0.5, 0.5, 0.5, 0.5, 0.5, 0.5, 1. , 0.5])] [array([0., 0., 0., 0., 1., 0.]), array([0., 0., 1., 0., 0., 0.]), array([0., 0., 0., 1., 0., 0.]), array([1., 0., 0., 0., 0., 0.]), array([0., 0., 0., 0., 1., 0.]), array([0., 0., 0., 0., 1., 0.])] 2.117476000144818 1.279572914368101
The order of feature: 127 Hmin_VIII
[array([0.5, 0.5, 0.5, 0.5, 0.5, 0.5, 0.5, 0. , 0.5, 0. , 0.5]), array([0.5, 0. , 0.5, 0.5, 0.5, 0.5, 0.5, 0. , 0.5, 0.5, 0.5])] [array([0., 0., 0., 0., 1., 0.]), array([0., 0., 1., 0., 0., 0.])] 2.215556751180928 1.424183963363398
The order of feature: 128 Hmin_IX
[array([0.5, 0.5, 0.5, 0.5, 0.5, 0.5, 0.5, 0. , 0.5, 0. , 0.5]), array([0.5, 0. , 0.5, 0.5, 0.5, 0.5, 0.5, 0. , 0.5, 0.5, 0.5]), array([0.5, 0. , 0.5, 0. , 0.5, 0.5, 0.5, 0.5, 0.5, 0.5, 0.5]), array([0.5, 0.5, 0.5, 0.5, 1. , 0.5, 0.5, 0.5, 0.5, 0. , 0.5]), array([0.5, 0.5, 0.5, 0.5, 0.5, 0.5, 0.5, 0.5, 1. , 0. , 0.5]), array([0. , 0.5, 0.5, 0.5, 0.5, 0.5, 0.5, 0.5, 0.5, 1. , 0.5]), array([0.5, 0.5, 0.5, 0.5, 0.5, 0.5, 0.5, 0.5, 0.5, 0. , 0. ])] [array([0., 0., 0., 0., 1., 0.]), array([0., 0., 1., 0., 0., 0.]), array([0., 0., 0., 1., 0., 0.]), array([1., 0., 0., 0., 0., 0.]), array([0., 0., 0., 0., 1., 0.]), array([0., 0., 0., 0., 1., 0.]), array([0., 0., 0., 0., 1., 0.])] 2.093384745863262 1.260375628634485
The order of feature: 129 Hmin_X
[] [] 2.285821732547618 1.747517932757779
The order of feature: 130 Hmin_XI
[] [] 2.283189435145323 1.6918977539354942
The order of feature: 131 Hmin_XII
[array([0.5, 0.5, 0.5, 0.5, 0.5, 0.5, 0.5, 0. , 0.5, 0. , 0.5]), array([0.5, 0.5, 0.5, 0.5, 1. , 0.5, 0.5, 1. , 0.5, 0.5, 0.5]), array([0.5, 0.5, 0.5, 0.5, 0.5, 1. , 0.5, 0.5, 0.5, 1. , 0.5])] [array([0., 0., 0., 0., 1., 0.]), array([0., 0., 0., 1., 0., 0.]), array([0., 0., 0., 1., 0., 0.])] 2.1969926967900366 1.410617686610994
The order of feature: 133 Srad_II
[array([0.5, 0.5, 0.5, 0.5, 0.5, 0.5, 0.5, 0. , 0.5, 0. , 0.5]), array([0.5, 0. , 0.5, 0.5, 0.5, 0.5, 0.5, 0. , 0.5, 0.5, 0.5]), array([0.5, 0. , 0.5, 0. , 0.5, 0.5, 0.5, 0.5, 0.5, 0.5, 0.5]), array([0.5, 0.5, 0.5, 0.5, 0. , 0.5, 0.5, 0.5, 0.5, 1. , 0.5]), array([0.5, 0.5, 0.5, 0.5, 0.5, 0.5, 0.5, 0.5, 1. , 0. , 0.5]), array([0. , 0.5, 0.5, 0.5, 0.5, 0.5, 0.5, 0.5, 0.5, 1. , 0.5])] [array([0., 0., 0., 0., 1., 0.]), array([0., 0., 1., 0., 0., 0.]), array([0., 0., 0., 1., 0., 0.]), array([1., 0., 0., 0., 0., 0.]), array([0., 0., 0., 0., 1., 0.]), array([0., 0., 0., 0., 1., 0.])] 2.113676403591896 1.3044135473236242
The order of feature: 134 Srad_III
[] [] 2.276458164375624 1.618974893062716
The order of feature: 135 Srad_IV
[] [] 2.289956647977254 1.614280546636996
The order of feature: 136 Srad_V
[array([0.5, 0.5, 0.5, 0.5, 0.5, 0.5, 0.5, 0. , 0.5, 0. , 0.5]), array([0.5, 0. , 0.5, 0.5, 0.5, 0.5, 0.5, 0. , 0.5, 0.5, 0.5]), array([0.5, 0. , 0.5, 0. , 0.5, 0.5, 0.5, 0.5, 0.5, 0.5, 0.5]), array([0.5, 0.5, 0.5, 0.5, 0. , 0.5, 0.5, 0.5, 0.5, 1. , 0.5]), array([0.5, 0.5, 0.5, 0.5, 0.5, 0.5, 0.5, 0.5, 1. , 0. , 0.5]), array([0. , 0.5, 0.5, 0.5, 0.5, 0.5, 0.5, 0.5, 0.5, 1. , 0.5])] [array([0., 0., 0., 0., 1., 0.]), array([0., 0., 1., 0., 0., 0.]), array([0., 0., 0., 1., 0., 0.]), array([1., 0., 0., 0., 0., 0.]), array([0., 0., 0., 0., 1., 0.]), array([0., 0., 0., 0., 1., 0.])] 2.1175893219451956 1.2771010321365834
The order of feature: 137 Srad_VI
[array([0.5, 0.5, 0.5, 0.5, 0.5, 0.5, 0.5, 0. , 0.5, 0. , 0.5]), array([0.5, 0. , 0.5, 0.5, 0.5, 0.5, 0.5, 0. , 0.5, 0.5, 0.5]), array([0.5, 0. , 0.5, 0. , 0.5, 0.5, 0.5, 0.5, 0.5, 0.5, 0.5]), array([0.5, 0.5, 0.5, 0.5, 0. , 0.5, 0.5, 0.5, 0.5, 1. , 0.5])] [array([0., 0., 0., 0., 1., 0.]), array([0., 0., 1., 0., 0., 0.]), array([0., 0., 0., 1., 0., 0.]), array([0., 1., 0., 0., 0., 0.])] 2.1601156557791756 1.2927159331930185
The order of feature: 138 Srad_VII
[array([0. , 0.5, 0.5, 0.5, 0.5, 0.5, 0.5, 0.5, 0.5, 0.5, 0. ])] [array([0., 0., 0., 1., 0., 0.])] 2.2360972282816456 1.5340118355228904
The order of feature: 139 Srad_VIII
[array([0.5, 0.5, 0.5, 0.5, 0.5, 0.5, 0.5, 0. , 0.5, 0. , 0.5]), array([0.5, 0. , 0.5, 0.5, 0.5, 0.5, 0.5, 0. , 0.5, 0.5, 0.5]), array([0.5, 0. , 0.5, 0. , 0.5, 0.5, 0.5, 0.5, 0.5, 0.5, 0.5]), array([0.5, 0.5, 0.5, 0.5, 0.5, 1. , 0.5, 0.5, 0.5, 0.5, 1. ]), array([0. , 0.5, 0.5, 0.5, 0.5, 0.5, 0.5, 0.5, 0.5, 1. , 0.5])] [array([0., 0., 0., 0., 1., 0.]), array([0., 0., 1., 0., 0., 0.]), array([0., 0., 0., 1., 0., 0.]), array([0., 0., 0., 0., 1., 0.]), array([0., 0., 0., 0., 1., 0.])] 2.1317306975468857 1.284298107080759
The order of feature: 142 Srad_XI
[] [] 2.229387218581602 1.6743675445536805
The order of feature: 143 Srad_XII
[] [] 2.2842027662938733 1.742716681933457
Removing Round:
The order of feature: 0 Rdays_VII
[array([0.5, 0.5, 0.5, 0.5, 0.5, 0.5, 0. , 0.5, 0. , 0.5, 0.5, 0.5]), array([0. , 0.5, 0.5, 0.5, 0.5, 0.5, 0. , 0.5, 0.5, 0.5, 0.5, 0.5])] [array([0., 0., 0., 0., 1., 0.]), array([0., 0., 1., 0., 0., 0.])] 2.201391263256114 1.4078471755150421
The order of feature: 1 Rdays_X
[array([0.5, 0.5, 0.5, 0.5, 0.5, 0.5, 0. , 0.5, 0. , 0.5, 0.5, 0.5])] [array([0., 0., 0., 0., 1., 0.])] 2.351091694833268 2.159328247276728
The order of feature: 2 Srad_I
[array([0.5, 0.5, 0.5, 0.5, 0.5, 0.5, 0. , 0.5, 0. , 0.5, 0.5, 0.5])] [array([0., 0., 0., 0., 1., 0.])] 2.2334840528534983 1.5261506404828953
The order of feature: 3 Srad_IX
[array([0.5, 0.5, 0.5, 0.5, 0.5, 0.5, 0. , 0.5, 0. , 0.5, 0.5, 0.5]), array([0.5, 0. , 0.5, 0.5, 0.5, 0.5, 0. , 0.5, 0.5, 0.5, 0.5, 0.5])] [array([0., 0., 0., 0., 1., 0.]), array([0., 0., 1., 0., 0., 0.])] 2.2335377257809133 1.6730792356024498
The order of feature: 4 Srad_X
[] [] 2.2669367082225285 1.5690280174221456
The order of feature: 5 Eva_I
[array([0.5, 0.5, 0.5, 0.5, 0.5, 0.5, 0. , 0.5, 0. , 0.5, 0.5, 0.5]), array([0.5, 0. , 0.5, 0.5, 0.5, 0.5, 0. , 0.5, 0.5, 0.5, 0.5, 0.5]), array([0.5, 0. , 0.5, 0. , 0.5, 0.5, 0.5, 0.5, 0.5, 0.5, 0.5, 0.5]), array([0.5, 0.5, 0.5, 0.5, 0. , 0.5, 0.5, 0.5, 1. , 0.5, 0.5, 0.5]), array([0.5, 0.5, 0.5, 0.5, 0.5, 0.5, 0.5, 1. , 0. , 0.5, 0.5, 0.5])] [array([0., 0., 0., 0., 1., 0.]), array([0., 0., 1., 0., 0., 0.]), array([0., 0., 0., 1., 0., 0.]), array([1., 0., 0., 0., 0., 0.]), array([0., 0., 0., 0., 1., 0.])] 2.1062890210296112 1.2629171534705808
The order of feature: 6 Rdays_III
[array([0.5, 0.5, 0.5, 0.5, 0.5, 0.5, 0. , 0.5, 0. , 0.5, 0.5, 0.5]), array([0.5, 0. , 0.5, 0.5, 0.5, 0.5, 0. , 0.5, 0.5, 0.5, 0.5, 0.5]), array([0.5, 0. , 0.5, 0. , 0.5, 0.5, 0.5, 0.5, 0.5, 0.5, 0.5, 0.5]), array([0.5, 0.5, 0.5, 0.5, 0. , 0.5, 0.5, 0.5, 1. , 0.5, 0.5, 0.5]), array([0.5, 0.5, 0.5, 0.5, 0.5, 0.5, 0.5, 1. , 0. , 0.5, 0.5, 0.5])] [array([0., 0., 0., 0., 1., 0.]), array([0., 0., 1., 0., 0., 0.]), array([0., 0., 0., 1., 0., 0.]), array([1., 0., 0., 0., 0., 0.]), array([0., 0., 0., 0., 1., 0.])] 2.1041368421708078 1.251523881414269
The order of feature: 7 Tmax_avg_IX
[] [] 2.2646981111848805 1.6789297253330797
The order of feature: 8 Tmin_II
[array([0.5, 0.5, 0.5, 0.5, 0.5, 0.5, 0.5, 0. , 0. , 0.5, 0.5, 0.5]), array([0.5, 0.5, 0.5, 0.5, 0. , 0.5, 0.5, 0.5, 1. , 0.5, 0.5, 0.5]), array([0.5, 0. , 0.5, 0.5, 0.5, 0.5, 0.5, 0. , 0.5, 0.5, 0.5, 0.5]), array([0.5, 0. , 0.5, 0. , 0.5, 0.5, 0.5, 0.5, 0.5, 0.5, 0.5, 0.5])] [array([0., 0., 0., 0., 1., 0.]), array([1., 0., 0., 0., 0., 0.]), array([0., 0., 1., 0., 0., 0.]), array([0., 0., 0., 1., 0., 0.])] 2.1558119034329253 1.347358614008434
The order of feature: 9 Eva_IV
[array([0.5, 1. , 0.5, 0.5, 0. , 0.5, 0.5, 0.5, 0.5, 0.5, 0.5, 0.5])] [array([0., 1., 0., 0., 0., 0.])] 2.2533344377593583 1.5549804310907145
